0,Mutation,WT_energy,MUT_energy,DDG
1,YA87S,-12.8906,-8.65216,-4.238439999999999
2,YA87R,-12.8947,-11.5248,-1.3698999999999995
3,YA87C,-12.8906,-9.17485,-3.71575
4,YA87A,-12.8906,-8.90356,-3.9870399999999986
5,YA87Q,-12.8906,-9.77013,-3.120469999999999
6,YA87P,-12.8906,-9.04968,-3.840919999999999
7,YA87W,-12.8947,-11.4406,-1.4541000000000004
8,YA87T,-12.8906,-9.55232,-3.3382799999999992
9,YA87M,-12.8906,-10.2624,-2.6281999999999996
10,YA87E,-12.8693,-9.13894,-3.730360000000001
11,YA87I,-12.8906,-9.49592,-3.3946799999999993
12,YA87K,-12.8906,-11.647,-1.243599999999999
13,YA87H,-12.8947,-10.6694,-2.2253000000000007
14,YA87N,-12.8906,-9.13551,-3.755089999999999
15,YA87V,-12.8906,-9.46552,-3.4250799999999995
16,YA87G,-12.8906,-8.46972,-4.420879999999999
17,YA87D,-12.8693,-8.78542,-4.083880000000001
18,YA87L,-12.8947,-9.67552,-3.2191799999999997
19,YA87F,-12.8906,-10.3758,-2.5147999999999993
20,KA103L,-13.1421,-13.1558,0.013700000000000045
21,KA103Q,-13.1421,-13.1531,0.011000000000001009
22,KA103M,-13.1421,-13.1532,0.011100000000000776
23,KA103C,-13.1421,-13.1532,0.011100000000000776
24,KA103E,-13.1421,-13.1848,0.04269999999999996
25,KA103P,-13.1421,-13.1597,0.017600000000001614
26,KA103Y,-13.1421,-13.1416,-0.0004999999999988347
27,KA103I,-13.1421,-13.1558,0.013700000000000045
28,KA103W,-13.1421,-13.1583,0.016200000000001324
29,KA103D,-13.1421,-13.1634,0.021300000000000097
30,KA103R,-13.1421,-13.1426,0.0005000000000006111
31,KA103F,-13.1565,-13.1263,-0.030199999999998894
32,KA103A,-13.1421,-13.1533,0.011200000000000543
33,KA103V,-13.1421,-13.1558,0.013700000000000045
34,KA103S,-13.1421,-13.1532,0.011100000000000776
35,KA103T,-13.1421,-13.1531,0.011000000000001009
36,KA103N,-13.1421,-13.1532,0.011100000000000776
37,KA103G,-13.1421,-13.1519,0.009800000000000253
38,KA103H,-13.1421,-13.1344,-0.007699999999999818
39,FA102G,-13.5026,-13.3345,-0.16809999999999903
40,FA102Y,-13.1655,-12.7492,-0.41629999999999967
41,FA102R,-13.4927,-13.1958,-0.29689999999999905
42,FA102K,-13.5026,-13.2711,-0.2314999999999987
43,FA102L,-13.5026,-13.3641,-0.13849999999999874
44,FA102T,-13.5026,-13.3346,-0.16799999999999926
45,FA102H,-13.5026,-13.447000000000001,-0.05559999999999832
46,FA102P,-13.4927,-13.3521,-0.14059999999999917
47,FA102W,-13.005999999999998,-11.4889,-1.5170999999999992
48,FA102N,-13.5026,-13.3851,-0.11749999999999972
49,FA102D,-13.5026,-13.2923,-0.21030000000000015
50,FA102I,-13.4915,-13.3346,-0.15690000000000026
51,FA102A,-13.5026,-13.3346,-0.16799999999999926
52,FA102C,-13.4915,-13.3346,-0.15690000000000026
53,FA102S,-13.5026,-13.3346,-0.16799999999999926
54,FA102Q,-13.4927,-13.3566,-0.136099999999999
55,FA102M,-13.126,-12.9709,-0.15509999999999913
56,FA102E,-13.5026,-13.2643,-0.23829999999999885
57,FA102V,-13.4915,-13.3762,-0.11529999999999951
58,KA101C,-13.1421,-13.1345,-0.007600000000000051
59,KA101M,-13.1421,-13.1397,-0.0023999999999997357
60,KA101A,-13.1421,-13.1468,0.004700000000001481
61,KA101N,-13.1485,-13.1266,-0.021900000000000475
62,KA101S,-13.1485,-13.1522,0.0037000000000002586
63,KA101P,-13.1421,-13.159,0.01690000000000147
64,KA101G,-13.1421,-13.1477,0.00560000000000116
65,KA101H,-13.1198,-13.1043,-0.015499999999999403
66,KA101L,-13.1198,-13.1346,0.014800000000001035
67,KA101V,-13.1421,-13.1398,-0.0022999999999999687
68,KA101D,-13.1485,-13.1676,0.019099999999999895
69,KA101E,-13.1421,-13.1771,0.03500000000000014
70,KA101Y,-13.1485,-13.1318,-0.01670000000000016
71,KA101W,-13.1485,-13.1319,-0.016600000000000392
72,KA101R,-13.1421,-13.1415,-0.0005999999999986017
73,KA101I,-13.1485,-13.1337,-0.014800000000001035
74,KA101F,-13.1485,-13.1322,-0.01630000000000109
75,KA101Q,-13.1421,-13.1419,-0.00019999999999953388
76,KA101T,-13.1421,-13.1351,-0.006999999999999673
77,KA129L,-12.998,-12.068,-0.9299999999999997
78,KA129D,-12.998,-10.3724,-2.6255999999999986
79,KA129S,-13.2451,-11.4897,-1.7554000000000016
80,KA129A,-13.2451,-11.6225,-1.6226000000000003
81,KA129Q,-12.998,-12.7833,-0.21469999999999878
82,KA129I,-12.998,-12.2516,-0.7463999999999995
83,KA129P,-12.998,-11.9637,-1.0343
84,KA129G,-13.2451,-11.4692,-1.7759
85,KA129T,-12.998,-11.811,-1.1869999999999994
86,KA129H,-12.998,-11.4659,-1.5320999999999998
87,KA129N,-13.1421,-13.1682,0.026100000000001344
88,KA129F,-12.998,-12.2774,-0.7205999999999992
89,KA129Y,-12.998,-12.6186,-0.3793999999999986
90,KA129C,-12.998,-12.7561,-0.24189999999999934
91,KA129M,-13.2451,-12.0134,-1.2317
92,KA129V,-12.998,-12.968,-0.02999999999999936
93,KA129R,-13.2451,-12.7414,-0.5037000000000003
94,KA129E,-13.2451,-10.2322,-3.0129
95,KA129W,-12.998,-11.6115,-1.3864999999999998
96,SA85L,-12.8868,-12.710999999999999,-0.17580000000000062
97,SA85V,-12.8906,-12.6473,-0.24329999999999963
98,SA85A,-12.8906,-12.6068,-0.2837999999999994
99,SA85M,-12.8868,-12.5757,-0.3110999999999997
100,SA85C,-12.8906,-13.1105,0.21990000000000087
101,SA85N,-13.1376,-12.9507,-0.1869000000000014
102,SA85Q,-12.8868,-12.6588,-0.22799999999999976
103,SA85P,-13.1421,-12.9657,-0.17639999999999922
104,SA85R,-13.1376,-13.0158,-0.12180000000000035
105,SA85D,-12.8906,-12.3516,-0.5389999999999997
106,SA85W,-12.8906,-9.378639999999999,-3.51196
107,SA85Y,-12.8906,-13.1263,0.23570000000000135
108,SA85E,-12.8868,-12.3136,-0.5731999999999999
109,SA85K,-12.8868,-12.8247,-0.062099999999999156
110,SA85G,-12.8906,-12.6192,-0.27139999999999986
111,SA85T,-13.1421,-12.7127,-0.42939999999999934
112,SA85H,-12.8906,-12.6587,-0.23189999999999955
113,SA85I,-12.8906,-12.7294,-0.16119999999999912
114,SA85F,-12.8906,-12.8419,-0.04869999999999841
115,KA53C,-13.1421,-13.0316,-0.11050000000000004
116,KA53P,-13.1421,-13.0528,-0.08929999999999971
117,KA53G,-13.1421,-12.9762,-0.16589999999999883
118,KA53E,-13.1421,-13.1747,0.032600000000000406
119,KA53L,-13.1421,-13.1818,0.03970000000000162
120,KA53H,-13.1421,-12.993,-0.1490999999999989
121,KA53F,-13.1421,-13.0014,-0.14069999999999894
122,KA53I,-13.1421,-13.112,-0.030099999999999127
123,KA53R,-13.1421,-13.0272,-0.11489999999999867
124,KA53Q,-13.1421,-13.1041,-0.03799999999999848
125,KA53S,-13.1421,-13.0053,-0.13679999999999914
126,KA53A,-13.1421,-13.0084,-0.13369999999999926
127,KA53N,-13.1421,-11.6915,-1.4505999999999997
128,KA53Y,-13.1421,-13.0016,-0.1404999999999994
129,KA53D,-13.1421,-13.0185,-0.12359999999999971
130,KA53T,-13.1421,-13.075999999999999,-0.06610000000000049
131,KA53M,-13.1421,-13.259,0.11690000000000111
132,KA53W,-13.1421,-13.0063,-0.1357999999999997
133,KA53V,-13.1421,-13.0848,-0.057299999999999685
134,LA76S,-12.9007,-12.1754,-0.7253000000000007
135,LA76T,-13.1441,-12.6933,-0.4507999999999992
136,LA76E,-12.9007,-12.113,-0.787700000000001
137,LA76I,-13.1376,-12.7558,-0.38180000000000014
138,LA76P,-12.9007,-11.8081,-1.092600000000001
139,LA76C,-12.8934,-12.2304,-0.6630000000000003
140,LA76V,-13.1441,-12.8937,-0.25039999999999907
141,LA76G,-12.9007,-12.1092,-0.791500000000001
142,LA76Q,-12.8934,-12.3589,-0.5344999999999995
143,LA76D,-12.9007,-11.5401,-1.3605999999999998
144,LA76W,-12.9007,-13.5719,0.6711999999999989
145,LA76H,-12.9007,-12.600999999999999,-0.2997000000000014
146,LA76N,-12.9007,-12.3418,-0.5589000000000013
147,LA76A,-12.9007,-12.2574,-0.6433
148,LA76Y,-12.8934,-13.4977,0.6043000000000003
149,LA76M,-12.9007,-12.9418,0.041100000000000136
150,LA76R,-12.9007,-14.0924,1.191699999999999
151,LA76F,-12.9007,-13.3032,0.40249999999999986
152,LA76K,-13.1514,-12.7108,-0.4405999999999999
153,FA104L,-13.1421,-13.1388,-0.0032999999999994145
154,FA104H,-13.1421,-13.208,0.06590000000000096
155,FA104Y,-13.0887,-13.1504,0.06170000000000009
156,FA104T,-13.1421,-13.1795,0.037400000000001654
157,FA104D,-13.1421,-13.037,-0.10509999999999842
158,FA104M,-13.1421,-13.2124,0.07030000000000136
159,FA104C,-13.1421,-13.1576,0.01550000000000118
160,FA104G,-13.1421,-13.1795,0.037400000000001654
161,FA104K,-13.1421,-13.332,0.1899000000000015
162,FA104E,-13.1421,-13.0665,-0.07559999999999967
163,FA104R,-13.1421,-13.2736,0.13150000000000084
164,FA104A,-13.1421,-13.1795,0.037400000000001654
165,FA104I,-13.1421,-13.1756,0.033500000000000085
166,FA104P,-13.1421,-13.1795,0.037400000000001654
167,FA104S,-13.1421,-13.1795,0.037400000000001654
168,FA104V,-13.1481,-13.2046,0.05649999999999977
169,FA104N,-13.1421,-13.1797,0.03760000000000119
170,FA104W,-13.1291,-13.0924,-0.03669999999999973
171,FA104Q,-13.1421,-13.1795,0.037400000000001654
172,DA77E,-12.8906,-13.0961,0.20550000000000068
173,DA77M,-12.9071,-13.4899,0.5828000000000007
174,DA77Q,-12.9071,-13.3082,0.40109999999999957
175,DA77T,-12.9069,-13.3432,0.43629999999999924
176,DA77K,-12.9071,-13.3691,0.46199999999999974
177,DA77C,-12.8906,-13.3436,0.4530000000000012
178,DA77F,-12.9071,-13.5277,0.6205999999999996
179,DA77Y,-12.9071,-13.4665,0.5594000000000001
180,DA77L,-12.9071,-13.3238,0.4167000000000005
181,DA77P,-12.8868,-13.2533,0.36650000000000027
182,DA77V,-12.8906,-13.3435,0.4529000000000014
183,DA77I,-12.8906,-13.3858,0.49520000000000053
184,DA77H,-12.9071,-13.652000000000001,0.7449000000000012
185,DA77W,-12.9071,-13.5824,0.6753
186,DA77R,-12.8906,-13.4821,0.5915000000000017
187,DA77N,-12.9071,-13.2991,0.39199999999999946
188,DA77S,-12.9069,-13.3433,0.436399999999999
189,DA77A,-12.9071,-13.3028,0.3956999999999997
190,DA77G,-12.9071,-13.3827,0.4756
191,AA122G,-13.1198,-13.113,-0.006800000000000139
192,AA122C,-13.1421,-13.1569,0.014800000000001035
193,AA122K,-13.4855,-13.5417,0.05620000000000047
194,AA122R,-13.1421,-13.1516,0.009500000000000952
195,AA122W,-13.0951,-13.0838,-0.01130000000000031
196,AA122N,-13.1421,-13.1392,-0.0028999999999985704
197,AA122E,-13.4855,-13.5357,0.050200000000000244
198,AA122Y,-13.4855,-13.5113,0.025800000000000267
199,AA122L,-13.1485,-13.1275,-0.021000000000000796
200,AA122D,-13.0951,-13.1125,0.017400000000000304
201,AA122H,-13.4855,-13.5092,0.023699999999999832
202,AA122P,-13.1198,-13.124,0.00420000000000087
203,AA122V,-13.0951,-13.0847,-0.010400000000000631
204,AA122I,-13.0951,-13.073,-0.02210000000000001
205,AA122Q,-13.0951,-13.0866,-0.00849999999999973
206,AA122S,-13.1421,-13.1421,0.0
207,AA122M,-13.1198,-13.1069,-0.012900000000000134
208,AA122F,-13.1485,-13.1277,-0.020799999999999486
209,AA122T,-13.1421,-13.1413,-0.0007999999999999119
210,FA133S,-13.0615,-12.6098,-0.45170000000000066
211,FA133H,-13.1306,-12.5844,-0.5461999999999989
212,FA133Y,-13.1306,-12.8502,-0.2804000000000002
213,FA133L,-13.0615,-12.962,-0.09950000000000081
214,FA133C,-13.0615,-12.448,-0.6135000000000002
215,FA133A,-13.0615,-12.5881,-0.4733999999999998
216,FA133N,-13.0615,-12.2085,-0.8529999999999998
217,FA133R,-12.8741,-11.8353,-1.0388000000000002
218,FA133G,-13.0615,-12.3084,-0.7530999999999999
219,FA133P,-13.1474,-12.6861,-0.4612999999999996
220,FA133V,-13.0615,-12.5784,-0.4831000000000003
221,FA133M,-13.1306,-12.8011,-0.32949999999999946
222,FA133W,-13.0615,-13.1632,0.10169999999999924
223,FA133K,-13.0612,-11.7951,-1.2660999999999998
224,FA133T,-13.0615,-12.0123,-1.0492000000000008
225,FA133D,-13.0615,-11.7808,-1.2807000000000013
226,FA133E,-13.0615,-11.507,-1.5545000000000009
227,FA133I,-13.0612,-12.6304,-0.4307999999999996
228,FA133Q,-13.0615,-12.2181,-0.8434000000000008
229,KA134H,-12.9069,-12.2577,-0.6492000000000004
230,KA134W,-12.9069,-12.0459,-0.8610000000000007
231,KA134I,-12.9069,-12.8067,-0.10020000000000095
232,KA134G,-12.9,-12.7671,-0.13290000000000113
233,KA134A,-12.9069,-12.8233,-0.08360000000000056
234,KA134C,-12.9069,-12.6444,-0.26250000000000107
235,KA134M,-12.9069,-12.8589,-0.04800000000000004
236,KA134T,-12.9069,-12.4881,-0.41880000000000095
237,KA134R,-12.9069,-13.545,0.6380999999999997
238,KA134Q,-12.9069,-13.5344,0.6274999999999995
239,KA134V,-12.9069,-12.8589,-0.04800000000000004
240,KA134F,-12.9,-13.1189,0.21889999999999965
241,KA134L,-12.9069,-12.7994,-0.10749999999999993
242,KA134D,-12.9069,-11.7394,-1.1675000000000004
243,KA134P,-12.9069,-11.0124,-1.8945000000000007
244,KA134E,-12.9046,-11.7379,-1.1667000000000005
245,KA134S,-12.9069,-12.7051,-0.20180000000000042
246,KA134Y,-12.9,-11.1978,-1.7021999999999995
247,KA134N,-12.9069,-12.6317,-0.2751999999999999
248,DA130P,-13.106,-11.6376,-1.468399999999999
249,DA130H,-13.106,-8.490789999999999,-4.615210000000001
250,DA130V,-13.0968,-10.0346,-3.0622000000000007
251,DA130E,-13.0968,-11.1007,-1.9961000000000002
252,DA130I,-13.106,-8.515989999999999,-4.590010000000001
253,DA130F,-13.106,-10.1966,-2.9093999999999998
254,DA130K,-13.106,-10.0889,-3.0170999999999992
255,DA130G,-12.9538,-10.5005,-2.4532999999999987
256,DA130Q,-13.0968,-9.18994,-3.90686
257,DA130W,-13.106,-10.0721,-3.033899999999999
258,DA130A,-12.9538,-10.7645,-2.1892999999999994
259,DA130L,-13.0968,-9.51225,-3.58455
260,DA130N,-13.0968,-11.0959,-2.0008999999999997
261,DA130M,-13.0968,-9.78795,-3.3088499999999996
262,DA130C,-13.1453,-10.6947,-2.4506000000000014
263,DA130R,-13.106,-10.21,-2.895999999999999
264,DA130S,-13.1453,-10.8479,-2.2974000000000014
265,DA130Y,-13.106,-10.8308,-2.2752
266,DA130T,-13.1453,-9.81648,-3.3288200000000003
267,LA84P,-13.1421,-13.1421,0.0
268,LA84N,-13.1421,-13.1421,0.0
269,LA84A,-13.1421,-13.1421,0.0
270,LA84Q,-13.1421,-13.1421,0.0
271,LA84W,-13.142000000000001,-13.1525,0.010499999999998622
272,LA84M,-13.1421,-13.1421,0.0
273,LA84V,-13.1421,-13.1421,0.0
274,LA84S,-13.1421,-13.1421,0.0
275,LA84R,-13.1421,-13.269,0.1269000000000009
276,LA84D,-13.1421,-13.0401,-0.10199999999999854
277,LA84T,-13.1421,-13.1421,0.0
278,LA84E,-13.1421,-13.1063,-0.035800000000000054
279,LA84Y,-13.142000000000001,-13.109000000000002,-0.032999999999999474
280,LA84K,-13.1421,-13.1912,0.04910000000000103
281,LA84I,-13.1421,-13.1421,0.0
282,LA84F,-13.142000000000001,-13.1426,0.0005999999999986017
283,LA84C,-13.1421,-13.1421,0.0
284,LA84G,-13.1421,-13.1422,0.0001000000000015433
285,LA84H,-13.1421,-13.1492,0.0071000000000012164
286,YA123R,-13.5192,-12.2709,-1.2483000000000004
287,YA123G,-13.5134,-12.4421,-1.0713000000000008
288,YA123V,-13.5564,-12.559000000000001,-0.997399999999999
289,YA123K,-13.5606,-12.2661,-1.294500000000001
290,YA123M,-13.4994,-12.76,-0.7393999999999998
291,YA123F,-13.5606,-13.065,-0.4956000000000014
292,YA123T,-13.5134,-12.5287,-0.9847000000000001
293,YA123A,-13.5134,-12.4551,-1.058300000000001
294,YA123C,-13.5134,-12.5441,-0.9693000000000005
295,YA123D,-13.5134,-12.2711,-1.2423000000000002
296,YA123I,-13.2184,-12.179,-1.0394000000000005
297,YA123H,-13.4994,-12.4271,-1.0723000000000003
298,YA123L,-13.5134,-12.7085,-0.8049
299,YA123E,-13.5134,-12.4415,-1.0719000000000012
300,YA123W,-13.525,-13.1224,-0.4025999999999996
301,YA123P,-13.5134,-12.4977,-1.0157000000000007
302,YA123S,-13.5134,-12.409,-1.1044
303,YA123N,-13.5134,-12.2781,-1.2353000000000005
304,YA123Q,-13.5134,-12.2681,-1.2453000000000003
305,LA90D,-13.1421,-13.0751,-0.0669999999999984
306,LA90A,-13.1421,-13.1362,-0.005899999999998684
307,LA90M,-13.1421,-13.1421,0.0
308,LA90N,-13.1421,-13.1421,0.0
309,LA90H,-13.1421,-13.1421,0.0
310,LA90Y,-13.1421,-13.1421,0.0
311,LA90R,-13.142000000000001,-13.3013,0.15929999999999822
312,LA90C,-13.1421,-13.1421,0.0
313,LA90I,-13.1421,-13.1684,0.026300000000000878
314,LA90F,-13.1421,-13.1421,0.0
315,LA90T,-13.1421,-13.1381,-0.0039999999999995595
316,LA90V,-13.1421,-13.1778,0.03570000000000029
317,LA90W,-13.1421,-13.1422,0.0001000000000015433
318,LA90S,-13.1421,-13.1421,0.0
319,LA90Q,-13.1421,-13.1421,0.0
320,LA90P,-13.1391,-13.1666,0.027500000000001634
321,LA90E,-13.1421,-13.0599,-0.0821999999999985
322,LA90K,-13.1421,-13.209000000000001,0.06690000000000218
323,LA90G,-13.1421,-13.1522,0.01010000000000133
324,LA89K,-13.1612,-12.9714,-0.18979999999999997
325,LA89V,-13.1612,-13.1651,0.003900000000001569
326,LA89T,-13.1612,-13.1,-0.06119999999999948
327,LA89E,-13.1612,-13.1124,-0.048799999999999955
328,LA89A,-13.1612,-13.0641,-0.0970999999999993
329,LA89N,-13.1612,-13.0491,-0.11209999999999987
330,LA89C,-13.1612,-13.2222,0.06100000000000172
331,LA89F,-13.1638,-12.9423,-0.2215000000000007
332,LA89Y,-13.1638,-12.9417,-0.2220999999999993
333,LA89S,-13.1612,-13.0646,-0.09659999999999869
334,LA89Q,-13.1756,-13.1033,-0.07229999999999848
335,LA89M,-13.1612,-13.3982,0.2370000000000001
336,LA89P,-13.1612,-13.147,-0.01419999999999888
337,LA89I,-13.1612,-13.3284,0.16720000000000113
338,LA89W,-13.1756,-12.9714,-0.20420000000000016
339,LA89H,-13.1612,-13.009,-0.15219999999999878
340,LA89R,-13.1612,-13.2175,0.05630000000000024
341,LA89G,-13.1612,-13.05,-0.11119999999999841
342,LA89D,-13.1612,-12.8395,-0.3216999999999999
343,FA136R,-13.1662,-13.273,0.10679999999999978
344,FA136G,-13.1534,-13.1419,-0.011499999999999844
345,FA136S,-13.1662,-13.1634,-0.00280000000000058
346,FA136D,-13.1662,-13.0675,-0.09869999999999912
347,FA136E,-13.1662,-13.0572,-0.10899999999999999
348,FA136N,-13.1662,-13.1792,0.0129999999999999
349,FA136L,-13.1662,-13.1294,-0.0367999999999995
350,FA136T,-13.1662,-13.1479,-0.018299999999999983
351,FA136M,-13.1662,-13.1862,0.019999999999999574
352,FA136P,-13.167,-13.0995,-0.067499999999999
353,FA136K,-13.1662,-13.1751,0.008900000000000574
354,FA136Y,-13.1662,-13.1859,0.019700000000000273
355,FA136H,-13.1662,-13.2033,0.03710000000000058
356,FA136A,-13.1662,-13.2431,0.07690000000000019
357,FA136V,-13.1534,-13.0843,-0.06909999999999883
358,FA136Q,-13.1662,-13.1868,0.02059999999999995
359,FA136C,-13.1662,-13.2154,0.0492000000000008
360,FA136I,-13.0599,-13.0834,0.023499999999998522
361,FA136W,-13.1673,-13.1104,-0.05689999999999884
362,LA88T,-13.1295,-13.1978,0.0683000000000007
363,LA88A,-13.13,-13.1252,-0.004800000000001248
364,LA88Q,-13.13,-13.1697,0.039699999999999847
365,LA88N,-13.1295,-13.1454,0.015900000000000247
366,LA88D,-13.1295,-13.0359,-0.09360000000000035
367,LA88F,-13.1305,-13.1426,0.012100000000000222
368,LA88E,-13.13,-13.0566,-0.07340000000000124
369,LA88V,-13.13,-13.1306,0.0005999999999986017
370,LA88S,-13.1295,-13.1361,0.006600000000000605
371,LA88G,-13.13,-13.1154,-0.0146000000000015
372,LA88I,-13.13,-12.9586,-0.17140000000000022
373,LA88C,-13.13,-13.1462,0.016199999999999548
374,LA88H,-13.1295,-13.1368,0.007299999999998974
375,LA88M,-13.1295,-13.1699,0.04039999999999999
376,LA88K,-13.1646,-13.1506,-0.013999999999999346
377,LA88P,-13.13,-12.8939,-0.23610000000000042
378,LA88Y,-13.1305,-13.1426,0.012100000000000222
379,LA88R,-13.1305,-13.2074,0.07690000000000019
380,LA88W,-13.1305,-13.1342,0.0037000000000002586
381,LA86I,-13.1421,-13.0607,-0.08139999999999858
382,LA86G,-13.1421,-13.1093,-0.03279999999999994
383,LA86F,-13.1421,-13.1157,-0.02639999999999887
384,LA86R,-13.1087,-13.2976,0.1888999999999985
385,LA86P,-13.1329,-13.0974,-0.03549999999999898
386,LA86K,-13.1421,-13.1922,0.05010000000000048
387,LA86D,-13.1421,-12.9856,-0.15649999999999942
388,LA86Y,-13.1421,-13.1152,-0.02689999999999948
389,LA86V,-13.1421,-13.1332,-0.008899999999998798
390,LA86M,-13.1421,-13.1285,-0.013599999999998502
391,LA86N,-13.1421,-13.1118,-0.03029999999999866
392,LA86W,-13.1421,-13.0832,-0.05889999999999951
393,LA86S,-13.1421,-13.1583,0.016200000000001324
394,LA86C,-13.1421,-13.1583,0.016200000000001324
395,LA86A,-13.1421,-13.1341,-0.007999999999999119
396,LA86Q,-13.1421,-13.1272,-0.014899999999999025
397,LA86T,-13.1421,-13.1298,-0.012299999999999756
398,LA86E,-13.1421,-13.0718,-0.07029999999999959
399,LA86H,-13.1421,-13.1149,-0.02719999999999878
400,QA120P,-13.1421,-13.0493,-0.09279999999999866
401,QA120C,-13.1421,-13.1285,-0.013599999999998502
402,QA120F,-13.1421,-13.1069,-0.035199999999999676
403,QA120V,-13.1421,-13.1462,0.004100000000001103
404,QA120H,-13.1198,-13.1251,0.005300000000000082
405,QA120M,-13.1421,-13.1493,0.007200000000000983
406,QA120W,-13.1198,-13.0287,-0.09109999999999907
407,QA120L,-13.1421,-13.0737,-0.06839999999999868
408,QA120N,-13.1421,-13.1471,0.005000000000000782
409,QA120A,-13.1198,-13.1168,-0.0030000000000001137
410,QA120D,-13.1421,-13.2082,0.06610000000000049
411,QA120T,-13.1198,-13.0099,-0.10989999999999966
412,QA120E,-13.1421,-13.2236,0.08150000000000013
413,QA120G,-13.1198,-13.1264,0.006600000000000605
414,QA120I,-13.1421,-13.1464,0.004300000000000637
415,QA120S,-13.1198,-13.1251,0.005300000000000082
416,QA120R,-13.1421,-13.0083,-0.13379999999999903
417,QA120K,-13.1421,-13.0816,-0.06049999999999933
418,QA120Y,-13.505999999999998,-13.341,-0.16499999999999915
419,RA124D,-13.5084,-13.3339,-0.1745000000000001
420,RA124C,-13.1421,-13.0295,-0.1125999999999987
421,RA124V,-13.1421,-13.0221,-0.11999999999999922
422,RA124W,-13.5084,-13.700999999999999,0.19259999999999877
423,RA124S,-13.1421,-13.0307,-0.11139999999999972
424,RA124F,-13.1421,-13.0359,-0.1061999999999994
425,RA124Y,-13.5084,-13.4692,-0.039199999999999235
426,RA124M,-13.1421,-13.0768,-0.0652999999999988
427,RA124K,-13.1421,-13.1145,-0.027599999999999625
428,RA124Q,-13.1421,-13.019,-0.1230999999999991
429,RA124N,-13.1421,-13.0593,-0.08279999999999887
430,RA124I,-13.1421,-13.0223,-0.11979999999999968
431,RA124G,-13.1421,-13.0192,-0.12289999999999957
432,RA124L,-13.1421,-13.0298,-0.1122999999999994
433,RA124P,-13.5084,-13.3887,-0.11969999999999992
434,RA124E,-13.5084,-13.3535,-0.1548999999999996
435,RA124T,-13.1421,-13.0222,-0.11989999999999945
436,RA124H,-13.118,-13.0902,-0.027800000000000935
437,RA124A,-13.1421,-13.0302,-0.11189999999999856
438,RA121D,-13.5084,-13.6131,0.10469999999999935
439,RA121G,-13.5084,-13.5609,0.05250000000000021
440,RA121M,-13.5101,-13.5169,0.006800000000000139
441,RA121N,-13.5101,-13.5416,0.031500000000001194
442,RA121W,-13.5084,-13.5638,0.05540000000000056
443,RA121V,-13.5084,-13.564,0.055600000000000094
444,RA121Y,-13.5084,-13.5638,0.05540000000000056
445,RA121K,-13.1198,-13.1403,0.020500000000000185
446,RA121E,-13.1198,-13.1987,0.07890000000000086
447,RA121T,-13.5101,-13.5501,0.040000000000000924
448,RA121H,-13.5084,-13.5638,0.05540000000000056
449,RA121F,-13.5084,-13.5638,0.05540000000000056
450,RA121L,-13.1198,-13.1458,0.0259999999999998
451,RA121P,-13.5084,-13.5427,0.0343
452,RA121Q,-13.1198,-13.1611,0.04129999999999967
453,RA121A,-13.5084,-13.5625,0.05410000000000004
454,RA121S,-13.5084,-13.5638,0.05540000000000056
455,RA121C,-13.5101,-13.5439,0.03380000000000116
456,RA121I,-13.1198,-13.1462,0.026400000000000645
457,EA118F,-13.1421,-13.1383,-0.0038000000000000256
458,EA118A,-13.1421,-13.1212,-0.020899999999999253
459,EA118G,-13.1421,-13.1239,-0.01819999999999844
460,EA118T,-13.1421,-13.1357,-0.006399999999999295
461,EA118D,-13.1421,-13.1551,0.0129999999999999
462,EA118Q,-13.1421,-13.1743,0.03220000000000134
463,EA118K,-13.1421,-13.1227,-0.019399999999999196
464,EA118I,-13.1421,-13.1158,-0.026299999999999102
465,EA118W,-13.1421,-13.1383,-0.0038000000000000256
466,EA118V,-13.1421,-13.1158,-0.026299999999999102
467,EA118Y,-13.1421,-13.1383,-0.0038000000000000256
468,EA118R,-13.1421,-13.0939,-0.048199999999999577
469,EA118S,-13.1421,-13.1201,-0.021999999999998465
470,EA118C,-13.1421,-13.1083,-0.033799999999999386
471,EA118P,-13.1421,-13.1354,-0.006699999999998596
472,EA118N,-13.1421,-13.1583,0.016200000000001324
473,EA118L,-13.1421,-13.1383,-0.0038000000000000256
474,EA118H,-13.1421,-13.1383,-0.0038000000000000256
475,EA118M,-13.1421,-13.1383,-0.0038000000000000256
476,MA117N,-13.1432,-13.2232,0.08000000000000007
477,MA117T,-13.1432,-13.2522,0.10899999999999999
478,MA117L,-13.1432,-13.1576,0.01440000000000019
479,MA117D,-13.1432,-13.1587,0.015499999999999403
480,MA117C,-13.1432,-13.222999999999999,0.07979999999999876
481,MA117P,-13.1299,-13.2561,0.12620000000000076
482,MA117H,-13.1432,-13.2523,0.10909999999999975
483,MA117G,-13.130999999999998,-13.1504,0.019400000000000972
484,MA117W,-13.1432,-12.8852,-0.2580000000000009
485,MA117K,-13.1432,-13.2573,0.11410000000000053
486,MA117Y,-13.1432,-13.2523,0.10909999999999975
487,MA117R,-13.1432,-13.241,0.09779999999999944
488,MA117Q,-13.1432,-13.2523,0.10909999999999975
489,MA117E,-13.1432,-13.2384,0.09520000000000017
490,MA117S,-13.1432,-13.2523,0.10909999999999975
491,MA117V,-13.1432,-13.2285,0.08530000000000015
492,MA117I,-13.1432,-13.2105,0.06729999999999947
493,MA117A,-13.130999999999998,-13.1504,0.019400000000000972
494,MA117F,-13.1432,-12.7929,-0.3503000000000007
495,YA83H,-13.1421,-13.1427,0.000600000000000378
496,YA83A,-13.1421,-13.144,0.001900000000000901
497,YA83P,-13.1421,-13.1436,0.0015000000000000568
498,YA83T,-13.1421,-13.1434,0.001300000000000523
499,YA83R,-13.1421,-13.2325,0.0904000000000007
500,YA83E,-13.1421,-13.0279,-0.11419999999999852
501,YA83L,-13.1421,-13.1428,0.000700000000000145
502,YA83D,-13.1421,-13.0106,-0.13149999999999906
503,YA83Q,-13.1421,-13.1524,0.010300000000000864
504,YA83C,-13.1421,-13.1436,0.0015000000000000568
505,YA83S,-13.1421,-13.1439,0.001800000000001134
506,YA83I,-13.1421,-13.1433,0.001200000000000756
507,YA83M,-13.1421,-13.1429,0.0007999999999999119
508,YA83V,-12.8906,-12.8605,-0.030099999999999127
509,YA83F,-13.1421,-13.1422,0.0001000000000015433
510,YA83G,-13.1421,-13.1444,0.0022999999999999687
511,YA83N,-13.1421,-13.1523,0.010200000000001097
512,YA83K,-13.1421,-13.1868,0.04470000000000063
513,YA83W,-13.1421,-13.1418,-0.0002999999999993008
514,RA70L,-13.0968,-11.2269,-1.8698999999999995
515,RA70P,-12.9929,-11.1937,-1.7992000000000008
516,RA70D,-13.0968,-10.982000000000001,-2.114799999999999
517,RA70W,-13.5211,-11.1254,-2.3956999999999997
518,RA70K,-13.1421,-12.3308,-0.8112999999999992
519,RA70E,-13.0968,-10.5607,-2.5360999999999994
520,RA70G,-13.0968,-11.3023,-1.7944999999999993
521,RA70H,-13.5218,-11.1064,-2.4154
522,RA70V,-13.5218,-11.1216,-2.4002
523,RA70Y,-13.5218,-11.1044,-2.4174000000000007
524,RA70F,-13.5218,-11.13,-2.3918
525,RA70T,-13.0968,-11.2557,-1.8411000000000008
526,RA70C,-12.9929,-11.2385,-1.7544000000000004
527,RA70S,-12.9901,-11.2593,-1.7308000000000003
528,RA70M,-13.0968,-11.2077,-1.8890999999999991
529,RA70N,-13.0968,-11.2277,-1.8690999999999995
530,RA70A,-12.9901,-11.2603,-1.7297999999999991
531,RA70I,-13.5218,-11.0986,-2.4232000000000014
532,RA70Q,-13.0968,-11.1165,-1.9802999999999997
533,GA128Q,-13.1421,-13.3153,0.17320000000000135
534,GA128W,-13.1421,-13.671,0.5289000000000001
535,GA128H,-13.1421,-13.2565,0.11440000000000161
536,GA128A,-13.1421,-13.138,-0.004099999999999326
537,GA128E,-13.1421,-13.1256,-0.01649999999999885
538,GA128N,-13.1421,-13.3108,0.16870000000000118
539,GA128L,-13.1421,-13.1724,0.030300000000000438
540,GA128T,-13.1421,-13.1835,0.041400000000001214
541,GA128F,-13.1421,-13.4653,0.32319999999999993
542,GA128I,-13.1421,-13.3211,0.17900000000000027
543,GA128Y,-13.1421,-13.4633,0.32120000000000104
544,GA128D,-13.1421,-13.1348,-0.007299999999998974
545,GA128V,-13.1421,-13.2412,0.09909999999999997
546,GA128C,-13.1421,-13.2468,0.10470000000000113
547,GA128P,-13.1421,-13.0481,-0.09399999999999942
548,GA128K,-13.1421,-13.5462,0.40410000000000146
549,GA128R,-13.1421,-13.6587,0.5166000000000004
550,GA128S,-13.1421,-13.1283,-0.013799999999999812
551,GA128M,-13.1421,-13.1873,0.04520000000000124
552,GA132S,-13.1421,-12.5416,-0.6004999999999985
553,GA132I,-13.1421,-10.0288,-3.113299999999999
554,GA132C,-13.1421,-12.5847,-0.5573999999999995
555,GA132A,-13.1421,-12.607000000000001,-0.5350999999999981
556,GA132F,-13.0968,-7.61763,-5.47917
557,GA132L,-13.1421,-12.4868,-0.6552999999999987
558,GA132P,-13.1421,-10.4377,-2.7043999999999997
559,GA132T,-13.1421,-11.9273,-1.2147999999999985
560,GA132Y,-13.0612,-12.2831,-0.7781000000000002
561,GA132H,-12.878,-12.3569,-0.5211000000000006
562,GA132M,-13.1421,-12.4841,-0.6579999999999995
563,GA132K,-13.1481,-12.5255,-0.6226000000000003
564,GA132V,-12.8906,-10.0477,-2.8428999999999984
565,GA132D,-13.1421,-12.1387,-1.0033999999999992
566,GA132N,-13.1421,-12.5666,-0.5754999999999999
567,GA132Q,-13.1421,-12.4303,-0.7117999999999984
568,GA132E,-13.1421,-11.8734,-1.268699999999999
569,GA132R,-13.1481,-12.655999999999999,-0.49210000000000065
570,GA132W,-13.0631,-11.2418,-1.8213000000000008
571,VA71Q,-13.142000000000001,-13.1335,-0.008500000000001506
572,VA71D,-13.142000000000001,-13.037,-0.10500000000000043
573,VA71E,-13.142000000000001,-13.1163,-0.0257000000000005
574,VA71T,-13.142000000000001,-13.1361,-0.00590000000000046
575,VA71H,-13.1421,-13.1086,-0.033500000000000085
576,VA71L,-13.142000000000001,-13.1335,-0.008500000000001506
577,VA71K,-13.1421,-13.1193,-0.022799999999998377
578,VA71N,-13.142000000000001,-13.1335,-0.008500000000001506
579,VA71P,-13.1421,-13.1971,0.05500000000000149
580,VA71G,-13.1421,-13.1284,-0.013700000000000045
581,VA71I,-13.1087,-13.095999999999998,-0.012700000000002376
582,VA71C,-13.142000000000001,-13.1335,-0.008500000000001506
583,VA71A,-13.142000000000001,-13.138,-0.004000000000001336
584,VA71W,-13.142000000000001,-13.1001,-0.041900000000001825
585,VA71F,-13.1421,-13.1123,-0.029799999999999827
586,VA71M,-13.1421,-13.1335,-0.008599999999999497
587,VA71S,-13.142000000000001,-13.1335,-0.008500000000001506
588,VA71Y,-13.1421,-13.1122,-0.029899999999999594
589,VA71R,-13.1421,-13.1377,-0.004399999999998627
590,SA119Q,-13.4033,-12.4661,-0.9371999999999989
591,SA119N,-13.1485,-13.0152,-0.1333000000000002
592,SA119Y,-13.1878,-3.7769199999999996,-9.410879999999999
593,SA119L,-13.1879,-11.4094,-1.778500000000001
594,SA119T,-13.5363,-12.3808,-1.1555
595,SA119K,-13.4033,-13.1705,-0.23279999999999923
596,SA119A,-13.1485,-13.1998,0.05129999999999946
597,SA119E,-13.5363,-9.22074,-4.315560000000001
598,SA119W,-12.9535,-12.9438,-0.009700000000000486
599,SA119G,-13.5156,-13.5712,0.055600000000000094
600,SA119D,-13.1485,-13.0528,-0.09570000000000078
601,SA119F,-13.5156,-13.4261,-0.08949999999999925
602,SA119R,-13.4226,-13.2542,-0.16839999999999833
603,SA119H,-13.1574,-13.0115,-0.14590000000000103
604,SA119P,-13.1805,-13.0668,-0.11369999999999969
605,SA119C,-13.1485,-13.0662,-0.08230000000000004
606,SA119I,-13.4033,-13.4224,0.019099999999999895
607,SA119M,-13.0443,-9.52712,-3.5171799999999998
608,SA119V,-13.5363,-13.0394,-0.4969000000000001
609,AA100T,-13.1391,-13.1575,0.018400000000001526
610,AA100Y,-13.1444,-12.9567,-0.18769999999999953
611,AA100S,-13.1421,-13.1421,0.0
612,AA100R,-13.1292,-13.1588,0.029599999999998516
613,AA100P,-13.1792,-13.1841,0.004900000000001015
614,AA100G,-13.1421,-13.1416,-0.0004999999999988347
615,AA100N,-13.1421,-13.094000000000001,-0.04809999999999803
616,AA100W,-13.1792,-13.1675,-0.011699999999999378
617,AA100V,-13.1391,-13.1647,0.025600000000000733
618,AA100I,-13.1792,-13.1187,-0.06049999999999933
619,AA100C,-13.1421,-13.1421,0.0
620,AA100F,-13.1792,-13.1675,-0.011699999999999378
621,AA100D,-13.1252,-12.8511,-0.2740999999999989
622,AA100E,-13.1421,-13.0898,-0.0522999999999989
623,AA100K,-13.1295,-13.1474,0.01789999999999914
624,AA100Q,-13.1295,-13.095999999999998,-0.03350000000000186
625,AA100M,-13.1325,-13.0631,-0.0693999999999999
626,AA100H,-13.1792,-13.1792,0.0
627,AA100L,-13.1421,-13.1145,-0.027599999999999625
628,VA51E,-13.1421,-13.5344,0.39230000000000054
629,VA51I,-13.1421,-13.1543,0.012199999999999989
630,VA51M,-13.1421,-13.3934,0.2513000000000005
631,VA51Y,-13.1421,-13.1985,0.056400000000000006
632,VA51K,-13.1421,-13.1208,-0.021300000000000097
633,VA51L,-13.1421,-13.3967,0.25459999999999994
634,VA51D,-13.1421,-13.2798,0.1377000000000006
635,VA51T,-13.1421,-13.0994,-0.04269999999999996
636,VA51R,-13.1421,-13.7045,0.5624000000000002
637,VA51N,-13.1421,-13.144,0.001900000000000901
638,VA51Q,-13.1421,-13.1139,-0.028200000000000003
639,VA51H,-13.1421,-13.3033,0.1612000000000009
640,VA51F,-13.1421,-13.2538,0.1117000000000008
641,VA51G,-13.1421,-13.1849,0.042800000000001504
642,VA51A,-13.1421,-13.2794,0.13730000000000153
643,VA51P,-13.1421,-13.2981,0.15600000000000058
644,VA51S,-13.1421,-13.427,0.2849000000000004
645,VA51C,-13.1421,-13.1068,-0.03529999999999944
646,VA51W,-13.1421,-13.2094,0.06730000000000125
647,GA49W,-13.1421,-13.1421,0.0
648,GA49C,-13.1421,-13.1421,0.0
649,GA49P,-13.1421,-13.1421,0.0
650,GA49N,-13.1421,-13.1421,0.0
651,GA49A,-13.1421,-13.1421,0.0
652,GA49S,-13.1421,-13.1421,0.0
653,GA49L,-13.1421,-13.1421,0.0
654,GA49K,-13.1421,-13.1849,0.042800000000001504
655,GA49H,-13.1421,-13.202,0.05990000000000073
656,GA49M,-13.1421,-13.1521,0.010000000000001563
657,GA49Y,-13.1421,-13.1421,0.0
658,GA49R,-13.1421,-13.2353,0.09320000000000128
659,GA49Q,-13.1421,-13.1422,0.0001000000000015433
660,GA49V,-13.1421,-13.1421,0.0
661,GA49I,-13.1421,-13.1421,0.0
662,GA49F,-13.1421,-13.1421,0.0
663,GA49D,-13.1421,-13.1045,-0.03759999999999941
664,GA49E,-13.1421,-13.1286,-0.013499999999998735
665,GA49T,-13.1421,-13.1421,0.0
666,KA135Y,-13.1421,-12.7409,-0.40119999999999933
667,KA135P,-13.1421,-13.0224,-0.11969999999999992
668,KA135S,-13.1421,-13.0988,-0.04329999999999856
669,KA135N,-13.1421,-13.1053,-0.0367999999999995
670,KA135H,-13.1421,-13.0835,-0.05859999999999843
671,KA135Q,-13.1421,-13.0755,-0.06659999999999933
672,KA135E,-13.1421,-12.9327,-0.2093999999999987
673,KA135W,-13.1421,-13.0508,-0.0912999999999986
674,KA135T,-13.1421,-13.079,-0.0630999999999986
675,KA135M,-13.1421,-13.0962,-0.04589999999999961
676,KA135C,-13.1421,-13.0889,-0.05319999999999858
677,KA135V,-13.1421,-13.0756,-0.06649999999999956
678,KA135F,-13.1421,-13.0318,-0.11029999999999873
679,KA135A,-13.1421,-13.085999999999999,-0.056100000000000705
680,KA135L,-13.1421,-13.0796,-0.0625
681,KA135G,-13.1421,-13.084000000000001,-0.05809999999999782
682,KA135I,-13.1421,-13.0867,-0.055399999999998784
683,KA135D,-13.1421,-12.6685,-0.47359999999999935
684,KA135R,-13.1421,-13.2006,0.05850000000000044
685,WA131F,-13.2054,-12.7221,-0.48329999999999984
686,WA131C,-13.2054,-11.8412,-1.3641999999999985
687,WA131M,-13.2054,-12.7099,-0.49549999999999983
688,WA131I,-13.2054,-11.5782,-1.6271999999999984
689,WA131E,-13.2054,-11.0725,-2.1328999999999994
690,WA131P,-13.2907,-10.9125,-2.3781999999999996
691,WA131S,-13.3059,-11.315999999999999,-1.9899000000000004
692,WA131H,-13.2054,-11.6098,-1.5955999999999992
693,WA131N,-13.2054,-11.2342,-1.9711999999999996
694,WA131T,-13.3059,-12.1471,-1.1587999999999994
695,WA131G,-13.3059,-10.5305,-2.7753999999999994
696,WA131L,-13.2054,-12.64,-0.5653999999999986
697,WA131Y,-13.1593,-12.5453,-0.6140000000000008
698,WA131K,-13.1593,-11.3215,-1.8377999999999997
699,WA131D,-13.2054,-10.6112,-2.594199999999999
700,WA131A,-13.3059,-10.9927,-2.3132
701,WA131Q,-13.2054,-11.2804,-1.924999999999999
702,WA131R,-13.1593,-11.1615,-1.9977999999999998
703,WA131V,-13.3059,-11.4144,-1.8914999999999988
704,GA75Y,-13.1421,-13.1408,-0.0012999999999987466
705,GA75N,-13.1421,-13.1406,-0.0015000000000000568
706,GA75D,-13.1421,-13.0166,-0.12549999999999883
707,GA75S,-13.1421,-13.1362,-0.005899999999998684
708,GA75R,-13.1421,-13.1403,-0.0017999999999993577
709,GA75T,-13.1421,-13.149000000000001,0.0069000000000016826
710,GA75A,-13.1421,-13.1362,-0.005899999999998684
711,GA75H,-13.1421,-13.1411,-0.0009999999999994458
712,GA75F,-13.1421,-13.1502,0.008100000000000662
713,GA75M,-13.1421,-13.1417,-0.00039999999999906777
714,GA75C,-13.1421,-13.1362,-0.005899999999998684
715,GA75V,-13.1421,-13.1276,-0.014499999999999957
716,GA75E,-13.1421,-13.0138,-0.12829999999999941
717,GA75K,-13.1421,-13.1827,0.0406000000000013
718,GA75I,-13.1421,-13.1421,0.0
719,GA75L,-13.1421,-13.1423,0.00020000000000131024
720,GA75W,-13.1421,-13.1421,0.0
721,GA75P,-13.1421,-13.1362,-0.005899999999998684
722,GA75Q,-13.1421,-13.1388,-0.0032999999999994145
723,IA137S,-13.1421,-13.1421,0.0
724,IA137W,-13.1421,-13.1421,0.0
725,IA137F,-13.1421,-13.1421,0.0
726,IA137E,-13.1421,-13.1163,-0.02579999999999849
727,IA137G,-13.1421,-13.1421,0.0
728,IA137M,-13.1421,-13.1421,0.0
729,IA137P,-13.1969,-13.1197,-0.07719999999999949
730,IA137A,-13.1421,-13.1421,0.0
731,IA137K,-13.1421,-13.1696,0.027500000000001634
732,IA137V,-13.1421,-13.1421,0.0
733,IA137C,-13.1421,-13.1421,0.0
734,IA137Y,-13.1421,-13.1421,0.0
735,IA137N,-13.1421,-13.1421,0.0
736,IA137T,-13.1421,-13.1421,0.0
737,IA137Q,-13.1421,-13.1421,0.0
738,IA137L,-13.1421,-13.1421,0.0
739,IA137H,-13.1969,-13.1969,0.0
740,IA137R,-13.1421,-13.158,0.015900000000000247
741,IA137D,-13.1421,-13.1132,-0.02889999999999837
742,FA125K,-13.4656,-13.924000000000001,0.45840000000000103
743,FA125D,-13.4911,-13.5002,0.009100000000000108
744,FA125T,-13.4911,-13.7307,0.23960000000000115
745,FA125S,-13.4911,-13.6578,0.16670000000000051
746,FA125M,-13.1391,-13.1882,0.04910000000000103
747,FA125R,-13.1391,-13.447000000000001,0.30790000000000184
748,FA125H,-13.1391,-13.2206,0.08150000000000013
749,FA125L,-13.540999999999999,-13.7019,0.1609000000000016
750,FA125N,-13.4911,-13.6784,0.18730000000000047
751,FA125G,-13.4911,-13.6563,0.16520000000000046
752,FA125P,-13.4782,-13.6537,0.17550000000000132
753,FA125I,-13.4782,-13.6947,0.21649999999999991
754,FA125E,-13.1391,-13.2074,0.0683000000000007
755,FA125A,-13.4911,-13.6712,0.18010000000000126
756,FA125Y,-13.1391,-13.0465,-0.09259999999999913
757,FA125C,-13.4911,-13.7317,0.2406000000000006
758,FA125V,-13.4911,-13.6912,0.20010000000000083
759,FA125Q,-13.4911,-13.7414,0.2503000000000011
760,FA125W,-13.1391,-12.9638,-0.17529999999999824
761,SA80K,-12.8905,-11.9109,-0.9795999999999996
762,SA80M,-12.8905,-12.2233,-0.6671999999999993
763,SA80H,-12.8905,-11.1967,-1.6937999999999995
764,SA80I,-12.8905,-12.5854,-0.3050999999999995
765,SA80V,-12.8905,-12.4291,-0.46139999999999937
766,SA80T,-12.8905,-12.7326,-0.1578999999999997
767,SA80D,-12.8905,-12.0602,-0.8302999999999994
768,SA80A,-13.1421,-12.7155,-0.42659999999999876
769,SA80C,-12.8905,-12.8801,-0.010399999999998855
770,SA80E,-12.8905,-12.2487,-0.6417999999999999
771,SA80N,-12.8905,-12.4545,-0.43599999999999994
772,SA80G,-12.8905,-12.4816,-0.40889999999999915
773,SA80P,-12.8905,-12.6336,-0.2568999999999999
774,SA80F,-12.8905,-11.3199,-1.5705999999999989
775,SA80Q,-12.8905,-12.3099,-0.5805999999999987
776,SA80R,-12.8905,-11.8024,-1.088099999999999
777,SA80Y,-12.8905,-8.91864,-3.9718599999999995
778,SA80L,-12.8905,-12.3433,-0.5472000000000001
779,SA80W,-12.8905,-11.6991,-1.1913999999999998
780,EA79G,-13.1421,-13.0954,-0.04669999999999952
781,EA79I,-12.8906,-12.9473,0.05670000000000108
782,EA79A,-13.1421,-13.1993,0.05719999999999992
783,EA79F,-12.8906,-12.946,0.05540000000000056
784,EA79Y,-12.8906,-12.9527,0.06210000000000093
785,EA79W,-12.8906,-12.9472,0.056600000000001316
786,EA79M,-12.8906,-13.1961,0.3055000000000003
787,EA79L,-12.8906,-12.9465,0.05590000000000117
788,EA79C,-13.1421,-13.2003,0.05820000000000114
789,EA79S,-13.1421,-13.1949,0.05280000000000129
790,EA79N,-12.8906,-12.9598,0.06920000000000037
791,EA79P,-13.1078,-13.1955,0.08769999999999989
792,EA79T,-12.8906,-13.1004,0.20980000000000132
793,EA79H,-12.8906,-13.0421,0.1515000000000004
794,EA79R,-13.1078,-13.0348,-0.07299999999999862
795,EA79D,-13.1421,-13.1292,-0.012899999999998357
796,EA79K,-13.1078,-12.9874,-0.12040000000000006
797,EA79Q,-13.1421,-13.2005,0.058400000000000674
798,EA79V,-12.8906,-12.9729,0.08230000000000004
799,NA72R,-13.1421,-12.7744,-0.36769999999999925
800,NA72T,-13.1421,-13.0905,-0.05159999999999876
801,NA72I,-13.1421,-13.1073,-0.03479999999999883
802,NA72M,-13.1421,-13.2911,0.1490000000000009
803,NA72W,-13.1376,-13.0966,-0.04100000000000037
804,NA72S,-13.1421,-13.1133,-0.028799999999998604
805,NA72D,-13.1421,-12.9613,-0.18079999999999963
806,NA72K,-13.1421,-13.0885,-0.053599999999999426
807,NA72Y,-13.1421,-13.0974,-0.04469999999999885
808,NA72E,-13.1421,-12.9147,-0.22739999999999938
809,NA72F,-13.1421,-12.9085,-0.23359999999999914
810,NA72C,-13.1421,-13.1233,-0.018799999999998818
811,NA72Q,-13.1421,-13.2223,0.08020000000000138
812,NA72H,-13.1421,-13.4959,0.35380000000000145
813,NA72G,-13.1421,-13.1424,0.0003000000000010772
814,NA72V,-13.1421,-13.1219,-0.020199999999999108
815,NA72P,-13.1421,-13.0779,-0.06419999999999959
816,NA72L,-13.1421,-13.1806,0.03850000000000087
817,NA72A,-13.1421,-13.0993,-0.04279999999999973
818,VA126A,-13.1421,-13.0637,-0.07839999999999847
819,VA126I,-13.1421,-13.1701,0.02800000000000047
820,VA126T,-13.1421,-13.1071,-0.034999999999998366
821,VA126H,-13.1421,-12.9671,-0.17499999999999893
822,VA126Y,-13.1421,-13.458,0.31590000000000096
823,VA126M,-13.1421,-13.2522,0.11010000000000097
824,VA126Q,-13.1421,-13.1462,0.004100000000001103
825,VA126R,-13.1421,-13.366,0.22390000000000043
826,VA126G,-13.1421,-13.0428,-0.0992999999999995
827,VA126L,-13.1421,-13.1441,0.002000000000000668
828,VA126C,-13.1421,-13.0806,-0.06149999999999878
829,VA126W,-13.1421,-12.7351,-0.40700000000000003
830,VA126K,-13.1421,-13.1716,0.029500000000000526
831,VA126S,-13.1421,-13.0879,-0.054199999999999804
832,VA126E,-13.1421,-12.9738,-0.16829999999999856
833,VA126D,-13.1421,-13.0541,-0.08799999999999919
834,VA126F,-13.1421,-13.0456,-0.09649999999999892
835,VA126N,-13.1421,-13.1975,0.05540000000000056
836,VA126P,-13.1421,-13.1914,0.049300000000000566
837,QA127C,-13.1421,-13.1421,0.0
838,QA127D,-13.1421,-13.0615,-0.08059999999999867
839,QA127L,-13.1421,-13.1421,0.0
840,QA127H,-13.1421,-13.1421,0.0
841,QA127V,-13.1421,-13.1421,0.0
842,QA127M,-13.1421,-13.1421,0.0
843,QA127W,-13.1421,-13.1421,0.0
844,QA127F,-13.1421,-13.1421,0.0
845,QA127Y,-13.1421,-13.1421,0.0
846,QA127E,-13.1421,-13.1076,-0.03449999999999953
847,QA127I,-13.1421,-13.1421,0.0
848,QA127G,-13.1421,-13.1462,0.004100000000001103
849,QA127T,-13.1421,-13.1421,0.0
850,QA127K,-13.1421,-13.1458,0.0037000000000002586
851,QA127R,-13.1421,-13.1889,0.04680000000000106
852,QA127N,-13.1421,-13.1421,0.0
853,QA127S,-13.1421,-13.1421,0.0
854,QA127A,-13.1421,-13.1421,0.0
855,QA127P,-13.1421,-13.1386,-0.0034999999999989484
