Mutation,WT_energy,MUT_energy,DDG
RA87D,-14.9075,-11.3188,3.588700000000001
RA87F,-14.4072,-12.3531,2.0541
RA87N,-14.4022,-11.7349,2.667300000000001
RA87V,-14.4072,-11.8514,2.5557999999999996
RA87P,-14.4006,-11.9312,2.4694000000000003
RA87A,-14.4022,-12.0407,2.3615000000000013
RA87S,-14.4022,-12.0118,2.3904000000000014
RA87G,-14.4022,-12.0925,2.309700000000001
RA87K,-14.4061,-12.9124,1.4937000000000005
RA87M,-14.4072,-12.0681,2.3391
RA87Q,-14.4072,-11.7667,2.6404999999999994
RA87E,-14.9075,-10.9994,3.908100000000001
RA87C,-14.4022,-11.9651,2.437100000000001
RA87I,-14.4072,-11.5998,2.8073999999999995
RA87H,-14.4061,-13.1111,1.295
RA87W,-14.4072,-11.0894,3.3178
RA87T,-14.4022,-11.8543,2.5479000000000003
RA87Y,-14.4072,-12.6684,1.7387999999999995
RA87L,-14.4072,-11.8859,2.5213
AA74M,-14.3945,-14.4162,-0.021699999999999164
AA74Y,-14.4061,-14.4394,-0.033299999999998775
AA74S,-14.3945,-14.3945,0.0
AA74C,-14.3945,-14.3945,0.0
AA74W,-14.3945,-14.4162,-0.021699999999999164
AA74D,-14.4061,-14.3138,0.09229999999999983
AA74I,-14.3945,-14.4162,-0.021699999999999164
AA74Q,-14.3945,-14.4116,-0.017099999999999227
AA74E,-14.3945,-14.379000000000001,0.015499999999999403
AA74K,-14.3945,-14.4098,-0.01529999999999987
AA74T,-14.3945,-14.3886,0.00590000000000046
AA74V,-14.4061,-14.4392,-0.03309999999999924
AA74R,-14.3945,-14.4891,-0.0945999999999998
AA74P,-14.4061,-14.4406,-0.03449999999999953
AA74G,-14.3945,-14.3824,0.012100000000000222
AA74N,-14.3945,-14.3945,0.0
AA74L,-14.3945,-14.3945,0.0
AA74F,-14.4061,-14.4394,-0.033299999999998775
AA74H,-14.3945,-14.3945,0.0
YA103V,-14.2167,-12.7164,1.5002999999999993
YA103F,-14.3796,-14.0612,0.31840000000000046
YA103E,-14.3796,-11.0074,3.3721999999999994
YA103D,-14.390999999999998,-10.625,3.7659999999999982
YA103I,-14.2167,-13.194,1.0226999999999986
YA103A,-14.3796,-12.7816,1.5980000000000008
YA103K,-14.390999999999998,-14.2704,0.12059999999999782
YA103T,-14.3796,-11.9549,2.4246999999999996
YA103Q,-14.3796,-12.5698,1.8097999999999992
YA103S,-14.3796,-12.2754,2.1042000000000005
YA103C,-14.3796,-12.7552,1.6243999999999996
YA103H,-14.3796,-13.157,1.2226
YA103P,-14.3796,-12.4437,1.9359000000000002
YA103W,-14.4036,-13.4924,0.9112000000000009
YA103L,-14.3796,-13.7531,0.6265000000000001
YA103R,-14.9103,-15.4299,-0.5196000000000005
YA103M,-14.3796,-14.1917,0.18789999999999907
YA103N,-14.3796,-12.6155,1.7640999999999991
YA103G,-14.390999999999998,-12.7957,1.5952999999999982
HA102T,-14.3945,-10.3274,4.0671
HA102Q,-14.3945,-11.867,2.5275
HA102G,-14.3945,-9.68108,4.713420000000001
HA102R,-14.4061,-9.6243,4.7818000000000005
HA102C,-14.3945,-10.989,3.4055
HA102M,-14.3945,-12.7106,1.6839000000000013
HA102F,-14.3945,-11.1484,3.2461
HA102K,-14.3945,-11.8389,2.5556
HA102V,-14.3945,-11.5215,2.873000000000001
HA102E,-14.3945,-9.460230000000001,4.93427
HA102S,-14.3945,-9.13069,5.263810000000001
HA102L,-14.3945,-11.6975,2.697000000000001
HA102I,-14.3945,-9.24852,5.1459800000000016
HA102W,-14.3887,-3.07614,11.31256
HA102P,-14.3945,-9.104510000000001,5.2899899999999995
HA102N,-14.3945,-11.4011,2.993400000000001
HA102A,-14.3945,-10.2195,4.175000000000001
HA102Y,-14.3945,-12.1019,2.2926
HA102D,-14.4061,-10.4988,3.907300000000001
DA101V,-14.3945,-14.7058,-0.31129999999999924
DA101H,-14.2237,-14.6724,-0.44870000000000054
DA101L,-14.3945,-14.7937,-0.39919999999999867
DA101F,-14.3945,-14.9153,-0.5207999999999995
DA101M,-14.3945,-14.6278,-0.23329999999999984
DA101W,-14.3945,-14.7645,-0.3699999999999992
DA101P,-14.3945,-14.6898,-0.29529999999999923
DA101Y,-14.3945,-14.7828,-0.3882999999999992
DA101C,-14.3945,-14.8002,-0.4056999999999995
DA101S,-14.3945,-14.7809,-0.3864000000000001
DA101I,-14.3945,-14.6863,-0.2917999999999985
DA101T,-14.3945,-14.7264,-0.3318999999999992
DA101E,-14.3945,-14.668,-0.2734999999999985
DA101G,-14.3945,-14.7657,-0.3712
DA101Q,-14.3945,-14.8066,-0.4120999999999988
DA101N,-14.3945,-14.6633,-0.2687999999999988
DA101R,-14.2236,-14.652999999999999,-0.42939999999999934
DA101K,-14.2237,-14.8145,-0.5908000000000015
DA101A,-14.3945,-14.7545,-0.35999999999999943
EA29I,-14.3945,-14.3553,0.03920000000000101
EA29D,-14.3945,-14.3889,0.00560000000000116
EA29N,-14.3945,-14.3503,0.04420000000000002
EA29V,-14.3945,-14.3553,0.03920000000000101
EA29Y,-14.3945,-14.3503,0.04420000000000002
EA29C,-14.3945,-14.3503,0.04420000000000002
EA29W,-14.3945,-14.3503,0.04420000000000002
EA29R,-14.3945,-14.3408,0.05370000000000097
EA29P,-14.3945,-14.3588,0.03570000000000029
EA29F,-14.3945,-14.3503,0.04420000000000002
EA29T,-14.3945,-14.3553,0.03920000000000101
EA29G,-14.3945,-14.3556,0.038899999999999935
EA29L,-14.3945,-14.3503,0.04420000000000002
EA29A,-14.3945,-14.3503,0.04420000000000002
EA29H,-14.3945,-14.3503,0.04420000000000002
EA29S,-14.3945,-14.3496,0.04490000000000016
EA29Q,-14.3945,-14.3503,0.04420000000000002
EA29M,-14.3945,-14.3503,0.04420000000000002
EA29K,-14.3945,-14.3472,0.0472999999999999
GA52A,-14.3945,-14.3995,-0.004999999999999005
GA52R,-14.3945,-14.3521,0.04240000000000066
GA52C,-14.3945,-14.3995,-0.004999999999999005
GA52W,-14.3947,-14.4212,-0.026500000000000412
GA52I,-14.3945,-14.4212,-0.026699999999999946
GA52S,-14.3945,-14.3995,-0.004999999999999005
GA52F,-14.3945,-14.4218,-0.027299999999998548
GA52T,-14.3945,-14.3916,0.0029000000000003467
GA52P,-14.3945,-14.3875,0.0070000000000014495
GA52E,-14.3945,-14.3732,0.021300000000000097
GA52Q,-14.3945,-14.3983,-0.0038000000000000256
GA52V,-14.3945,-14.3845,0.010000000000001563
GA52N,-14.3945,-14.402000000000001,-0.007500000000000284
GA52H,-14.3945,-14.402000000000001,-0.007500000000000284
GA52D,-14.3945,-14.3389,0.055600000000000094
GA52Y,-14.3945,-14.4218,-0.027299999999998548
GA52L,-14.3945,-14.4216,-0.027099999999999014
GA52K,-14.3945,-14.4382,-0.043699999999999406
GA52M,-14.3945,-14.4212,-0.026699999999999946
QA31K,-14.3945,-14.5473,-0.15279999999999916
QA31L,-14.3945,-14.4112,-0.016699999999998383
QA31F,-14.8509,-14.9406,-0.08970000000000056
QA31T,-14.8509,-14.8658,-0.014900000000000801
QA31C,-14.3945,-14.4203,-0.02579999999999849
QA31R,-14.8509,-15.9171,-1.0662000000000003
QA31E,-14.3945,-14.1177,0.2768000000000015
QA31M,-14.8509,-15.0008,-0.1499000000000006
QA31G,-14.8509,-14.8559,-0.005000000000000782
QA31S,-14.8509,-14.8559,-0.005000000000000782
QA31H,-14.3945,-14.3995,-0.004999999999999005
QA31I,-14.3945,-14.4135,-0.019000000000000128
QA31V,-14.3945,-14.4192,-0.024699999999999278
QA31W,-14.8509,-15.0605,-0.2096
QA31A,-14.8509,-14.8559,-0.005000000000000782
QA31P,-14.3945,-14.3061,0.08840000000000003
QA31Y,-14.8509,-14.9866,-0.13569999999999993
QA31D,-14.8509,-14.7324,0.11849999999999916
QA31N,-14.8509,-14.9553,-0.10440000000000005
SA85L,-14.3955,-14.925999999999998,-0.5304999999999982
SA85V,-14.3887,-13.7762,0.6125000000000007
SA85A,-14.3945,-14.7333,-0.3387999999999991
SA85M,-14.3911,-15.4518,-1.0607000000000006
SA85C,-14.3945,-14.714,-0.3194999999999997
SA85N,-14.3955,-14.4356,-0.04010000000000069
SA85Q,-14.3945,-14.7327,-0.3381999999999987
SA85P,-14.3887,-15.5945,-1.2058
SA85R,-14.3945,-15.0866,-0.6920999999999999
SA85D,-14.3955,-14.067,0.3285
SA85W,-14.3945,-14.9877,-0.5931999999999995
SA85Y,-14.3911,-15.1863,-0.7951999999999995
SA85E,-14.3911,-14.1069,0.28420000000000023
SA85K,-14.3945,-15.2728,-0.8782999999999994
SA85G,-14.3945,-14.0163,0.3782000000000014
SA85T,-14.3945,-14.2613,0.13320000000000043
SA85H,-14.3887,-15.1932,-0.8044999999999991
SA85I,-14.3945,-13.5789,0.8155999999999999
SA85F,-14.3945,-15.2497,-0.8552
GA53C,-14.3945,-14.4167,-0.022199999999999775
GA53F,-14.3945,-14.4234,-0.028900000000000148
GA53W,-14.3945,-14.4297,-0.035199999999999676
GA53Y,-14.3945,-14.4235,-0.028999999999999915
GA53I,-14.3945,-14.4107,-0.016199999999999548
GA53T,-14.3945,-14.4105,-0.016000000000000014
GA53P,-14.3945,-14.4157,-0.021199999999998553
GA53S,-14.3945,-14.4146,-0.02009999999999934
GA53Q,-14.3945,-14.4204,-0.025900000000000034
GA53H,-14.3945,-14.4195,-0.02499999999999858
GA53A,-14.3945,-14.3977,-0.0031999999999996476
GA53E,-14.3945,-14.4251,-0.03059999999999974
GA53V,-14.3945,-14.411,-0.01649999999999885
GA53M,-14.3945,-14.4125,-0.017999999999998906
GA53R,-14.3945,-14.344000000000001,0.050499999999999545
GA53N,-14.3945,-14.4171,-0.022599999999998843
GA53L,-14.3945,-14.4163,-0.02179999999999893
GA53K,-14.3945,-14.3687,0.025800000000000267
GA53D,-14.3945,-14.4342,-0.039699999999999847
IA76T,-14.3951,-14.3959,-0.0007999999999999119
IA76D,-14.3982,-14.3537,0.04449999999999932
IA76S,-14.3951,-14.3962,-0.001100000000000989
IA76W,-14.4064,-14.4089,-0.0024999999999995026
IA76H,-14.3947,-14.3972,-0.0024999999999995026
IA76C,-14.3947,-14.3941,0.000600000000000378
IA76N,-14.3951,-14.3971,-0.002000000000000668
IA76R,-14.3951,-14.4472,-0.052100000000001145
IA76A,-14.3951,-14.3966,-0.0015000000000000568
IA76K,-14.3947,-14.4175,-0.022800000000000153
IA76F,-14.3947,-14.3972,-0.0024999999999995026
IA76G,-14.3951,-14.3989,-0.0038000000000000256
IA76P,-14.3951,-14.3843,0.010799999999999699
IA76M,-14.3947,-14.3972,-0.0024999999999995026
IA76Q,-14.3951,-14.3977,-0.002600000000001046
IA76L,-14.3952,-14.3974,-0.0021999999999984254
IA76Y,-14.3947,-14.3972,-0.0024999999999995026
IA76V,-14.3947,-14.3954,-0.000700000000000145
IA76E,-14.3947,-14.3534,0.04129999999999967
KA27Y,-14.9034,-14.1725,0.7309000000000001
KA27D,-14.9034,-13.3312,1.5721999999999987
KA27I,-14.9034,-14.4759,0.4275000000000002
KA27L,-14.9034,-14.626,0.2774000000000001
KA27S,-14.9034,-13.8505,1.0528999999999993
KA27A,-14.9034,-13.9148,0.9885999999999999
KA27H,-14.9034,-13.955,0.9483999999999995
KA27E,-14.9034,-13.3168,1.586599999999999
KA27W,-14.9455,-15.3576,-0.4121000000000006
KA27M,-14.9034,-15.1413,-0.23789999999999978
KA27Q,-14.9034,-14.495999999999999,0.4074000000000009
KA27T,-14.9034,-14.109000000000002,0.7943999999999978
KA27G,-14.9034,-13.9139,0.9894999999999996
KA27C,-14.9034,-14.1191,0.7843
KA27N,-14.9034,-13.9359,0.9674999999999994
KA27F,-14.9034,-14.3727,0.5306999999999995
KA27P,-14.8935,-13.743,1.1504999999999992
KA27R,-14.9034,-16.0418,-1.138399999999999
KA27V,-14.9034,-14.0372,0.8661999999999992
GA40P,-14.3945,-13.6745,0.7200000000000006
GA40F,-14.3945,-14.8668,-0.47229999999999883
GA40A,-14.3945,-13.7752,0.6193000000000008
GA40Y,-14.3945,-14.4855,-0.0909999999999993
GA40D,-14.3945,-13.280999999999999,1.113500000000002
GA40V,-14.3945,-13.8092,0.5853000000000002
GA40H,-14.3945,-14.5702,-0.17569999999999908
GA40E,-14.3887,-12.9337,1.455
GA40K,-14.3945,-14.5805,-0.18599999999999994
GA40N,-14.3945,-13.645999999999999,0.7485000000000017
GA40C,-14.3945,-13.7762,0.6183000000000014
GA40S,-14.3945,-13.7757,0.6188000000000002
GA40T,-14.3945,-13.8873,0.507200000000001
GA40L,-14.3945,-14.4436,-0.049099999999999255
GA40I,-14.3945,-14.0957,0.29879999999999995
GA40R,-14.3945,-13.9518,0.4427000000000003
GA40W,-14.3945,-13.9942,0.40030000000000143
GA40M,-14.3887,-14.1663,0.22240000000000038
GA40Q,-14.3945,-14.2289,0.1656000000000013
GA81L,-14.3945,-14.7844,-0.389899999999999
GA81V,-14.3945,-14.7275,-0.3329999999999984
GA81C,-14.3945,-14.423,-0.028499999999999304
GA81T,-14.3945,-14.4513,-0.05679999999999907
GA81N,-14.3945,-15.3171,-0.9225999999999992
GA81Y,-14.3945,-15.4356,-1.0411000000000001
GA81P,-14.3945,-14.3808,0.013700000000000045
GA81H,-14.3945,-15.3522,-0.9576999999999991
GA81M,-14.3945,-14.8457,-0.45120000000000005
GA81A,-14.3945,-14.3984,-0.0038999999999997925
GA81R,-14.3945,-15.005,-0.6105
GA81Q,-14.3945,-15.3524,-0.9578999999999986
GA81W,-14.3945,-14.8029,-0.40839999999999854
GA81E,-14.3945,-15.5129,-1.1183999999999994
GA81F,-14.3945,-15.4277,-1.033199999999999
GA81S,-14.3945,-14.399000000000001,-0.0045000000000001705
GA81D,-14.3945,-15.3425,-0.9479999999999986
GA81I,-14.3945,-14.6805,-0.2859999999999996
GA81K,-14.3945,-14.8811,-0.48659999999999926
GA61I,-14.3945,-14.6276,-0.23309999999999853
GA61K,-14.3945,-15.6044,-1.2098999999999993
GA61H,-14.3945,-14.7519,-0.3573999999999984
GA61E,-14.3945,-14.378,0.016500000000000625
GA61M,-14.3945,-14.5285,-0.13399999999999856
GA61C,-14.3945,-14.5217,-0.12719999999999843
GA61A,-14.3945,-14.4569,-0.06239999999999846
GA61N,-14.3945,-14.5631,-0.16859999999999964
GA61D,-14.3945,-14.3361,0.058400000000000674
GA61S,-14.3945,-14.484000000000002,-0.08950000000000102
GA61R,-14.4278,-14.8192,-0.39140000000000086
GA61F,-14.3945,-14.4659,-0.0713999999999988
GA61V,-14.3945,-14.5342,-0.1396999999999995
GA61L,-14.3945,-14.6324,-0.23789999999999978
GA61Q,-14.3945,-14.4515,-0.05699999999999861
GA61P,-14.3945,-14.4094,-0.014899999999999025
GA61T,-14.3945,-14.5437,-0.14919999999999867
GA61Y,-14.3945,-14.537,-0.14250000000000007
GA61W,-14.3945,-14.5587,-0.16419999999999924
TA105Q,-14.4145,-14.4004,0.01410000000000089
TA105Y,-14.4145,-14.3431,0.07140000000000057
TA105I,-14.4145,-14.407,0.007500000000000284
TA105G,-14.4145,-14.448,-0.033500000000000085
TA105N,-14.3945,-14.3711,0.02340000000000053
TA105F,-14.2361,-14.1239,0.11219999999999963
TA105H,-14.3945,-14.3116,0.08290000000000042
TA105W,-14.2361,-14.2561,-0.019999999999999574
TA105E,-14.2361,-14.2034,0.03270000000000017
TA105R,-14.3945,-14.4444,-0.04989999999999917
TA105S,-14.3945,-14.4096,-0.015099999999998559
TA105M,-14.4145,-14.45,-0.03549999999999898
TA105L,-14.2361,-14.1837,0.052400000000000446
TA105P,-14.2236,-14.4063,-0.18270000000000053
TA105D,-14.4104,-14.3869,0.023499999999998522
TA105V,-14.4145,-14.4078,0.006700000000000372
TA105K,-14.4145,-14.3906,0.023900000000001143
TA105A,-14.4145,-14.4188,-0.00429999999999886
TA105C,-14.3945,-14.4041,-0.009599999999998943
QA104R,-14.3945,-14.6195,-0.22499999999999964
QA104A,-14.3945,-14.4178,-0.023299999999998988
QA104F,-14.2237,-14.1755,0.048199999999999577
QA104Y,-14.2237,-14.1845,0.039199999999999235
QA104I,-14.2237,-14.5662,-0.34250000000000114
QA104L,-14.2237,-14.8994,-0.6757000000000009
QA104E,-14.2237,-14.1497,0.07399999999999984
QA104N,-14.3945,-14.0278,0.3667000000000016
QA104M,-14.3945,-15.106,-0.7114999999999991
QA104H,-14.2237,-14.1787,0.04499999999999993
QA104P,-14.3945,-13.1579,1.236600000000001
QA104K,-14.3945,-14.7781,-0.3835999999999995
QA104S,-14.3945,-14.2221,0.17240000000000144
QA104W,-14.3945,-14.3215,0.0730000000000004
QA104T,-14.2237,-14.1201,0.10359999999999836
QA104C,-14.3945,-14.6464,-0.2518999999999991
QA104G,-14.2237,-14.1028,0.1208999999999989
QA104V,-14.2237,-14.5603,-0.3366000000000007
QA104D,-14.2237,-13.8786,0.34509999999999863
FA56Q,-14.2742,-14.8839,-0.6097000000000001
FA56P,-14.2742,-13.9407,0.3335000000000008
FA56C,-14.265,-14.4568,-0.19179999999999886
FA56Y,-14.2568,-13.9928,0.26399999999999935
FA56N,-14.2742,-13.3182,0.9560000000000013
FA56K,-14.2742,-14.5756,-0.3013999999999992
FA56L,-14.245999999999999,-13.8419,0.4040999999999979
FA56A,-14.2742,-13.8984,0.3757999999999999
FA56G,-14.2742,-13.9691,0.30510000000000126
FA56T,-13.991,-13.852,0.13899999999999935
FA56V,-14.2742,-14.0355,0.2386999999999997
FA56M,-13.9539,-13.8862,0.06770000000000032
FA56E,-13.9539,-12.0847,1.869200000000001
FA56S,-14.2742,-13.7639,0.5103000000000009
FA56D,-14.2742,-11.9355,2.338700000000001
FA56I,-14.2487,-13.7956,0.45309999999999917
FA56R,-14.4732,-16.1564,-1.6832000000000011
FA56W,-13.9959,-12.0929,1.9030000000000005
FA56H,-13.7127,-15.3439,-1.6311999999999998
TA26C,-14.8509,-14.8766,-0.0257000000000005
TA26P,-14.3945,-14.3779,0.016600000000000392
TA26M,-14.3945,-14.4239,-0.029399999999998983
TA26K,-14.3945,-14.2443,0.1501999999999999
TA26W,-14.3945,-14.4281,-0.03359999999999985
TA26D,-14.3945,-14.363,0.031500000000001194
TA26L,-14.3945,-14.4169,-0.02239999999999931
TA26R,-14.3945,-14.241,0.15350000000000108
TA26F,-14.3945,-14.4257,-0.031200000000000117
TA26N,-14.3945,-14.4215,-0.026999999999999247
TA26V,-14.3945,-14.3968,-0.0022999999999999687
TA26A,-14.3945,-14.4297,-0.035199999999999676
TA26E,-14.3945,-14.38,0.014499999999999957
TA26I,-14.3945,-14.3927,0.001800000000001134
TA26Y,-14.3945,-14.424000000000001,-0.029500000000000526
TA26S,-14.3945,-14.4218,-0.027299999999998548
TA26G,-14.3945,-14.4233,-0.028799999999998604
TA26Q,-14.3945,-14.4112,-0.016699999999998383
TA26H,-14.3945,-14.421,-0.026499999999998636
SA57L,-14.3975,-14.8017,-0.40419999999999945
SA57Y,-14.3975,-14.662,-0.26449999999999996
SA57N,-14.3975,-14.4024,-0.004899999999999238
SA57H,-14.3975,-14.357000000000001,0.04049999999999976
SA57R,-14.3975,-14.9705,-0.5729999999999986
SA57M,-14.3975,-15.0049,-0.6073999999999984
SA57P,-14.3975,-14.7777,-0.38019999999999854
SA57D,-14.3975,-14.0821,0.31540000000000035
SA57E,-14.3975,-14.0639,0.33360000000000056
SA57T,-14.3975,-14.3564,0.041100000000000136
SA57W,-14.3975,-14.745999999999999,-0.3484999999999978
SA57K,-14.3975,-15.3261,-0.9285999999999994
SA57I,-14.3975,-14.6399,-0.24239999999999995
SA57F,-14.3975,-15.5253,-1.1277999999999988
SA57G,-14.3975,-14.4751,-0.07759999999999856
SA57V,-14.3975,-14.6251,-0.22759999999999891
SA57C,-14.3975,-14.4449,-0.047399999999999665
SA57A,-14.3975,-14.435,-0.037499999999999645
SA57Q,-14.3975,-14.4447,-0.047199999999998354
EA60I,-14.3591,-14.544,-0.18490000000000073
EA60Y,-14.3591,-14.4669,-0.107800000000001
EA60A,-14.2177,-13.6669,0.5508000000000006
EA60G,-14.2177,-13.307,0.9107000000000003
EA60S,-14.2177,-14.6355,-0.4177999999999997
EA60P,-14.3591,-13.9951,0.363999999999999
EA60C,-14.3591,-14.1674,0.1916999999999991
EA60L,-14.3591,-15.0885,-0.7294
EA60F,-14.2177,-13.8906,0.3271000000000015
EA60M,-14.3591,-14.9041,-0.5449999999999999
EA60D,-14.4962,-14.0205,0.4756999999999998
EA60T,-14.2177,-15.6192,-1.4014999999999986
EA60W,-14.3591,-14.4496,-0.09050000000000047
EA60V,-14.2177,-14.3989,-0.1811999999999987
EA60N,-14.3591,-14.7549,-0.3957999999999995
EA60H,-14.2177,-13.679,0.5387000000000004
EA60R,-14.3591,-14.3275,0.031599999999999184
EA60Q,-14.3591,-14.6727,-0.313600000000001
EA60K,-14.3591,-14.5312,-0.17210000000000036
LA63M,-14.2638,-14.1623,0.1014999999999997
LA63Y,-14.4051,-14.5766,-0.17149999999999999
LA63W,-14.0892,-14.3902,-0.30100000000000016
LA63I,-14.3709,-14.3631,0.007800000000001361
LA63Q,-14.3939,-14.353,0.0409000000000006
LA63C,-14.3939,-14.4409,-0.04699999999999882
LA63E,-14.3925,-14.1086,0.28390000000000093
LA63H,-14.4051,-14.4315,-0.026400000000000645
LA63A,-14.2214,-14.2793,-0.05790000000000006
LA63D,-14.3925,-14.0691,0.32339999999999947
LA63N,-14.394,-14.4409,-0.046899999999999054
LA63K,-14.2436,-14.7689,-0.5252999999999997
LA63G,-14.220999999999998,-14.2727,-0.05170000000000208
LA63V,-14.394,-14.4586,-0.06460000000000043
LA63T,-14.2214,-14.2266,-0.0052000000000003155
LA63R,-14.2575,-14.4081,-0.15059999999999896
LA63F,-14.4051,-14.6996,-0.2945000000000011
LA63S,-14.3924,-14.4409,-0.04849999999999888
LA63P,-14.220999999999998,-14.2584,-0.037400000000001654
NA84G,-14.3793,-14.2635,0.11580000000000013
NA84L,-14.3915,-14.2766,0.11490000000000045
NA84V,-14.3915,-14.3544,0.03710000000000058
NA84F,-14.3915,-14.6288,-0.2372999999999994
NA84I,-14.3793,-14.3647,0.0146000000000015
NA84D,-14.3947,-14.1587,0.23600000000000065
NA84P,-14.3911,-14.6289,-0.2378
NA84M,-14.3793,-14.3143,0.06500000000000128
NA84Q,-14.3915,-14.3131,0.07840000000000025
NA84H,-14.3793,-14.2887,0.09060000000000024
NA84R,-14.3793,-14.321,0.05830000000000091
NA84C,-14.3915,-14.3318,0.0597000000000012
NA84A,-14.3793,-14.3713,0.008000000000000895
NA84E,-14.3947,-14.1308,0.2638999999999996
NA84Y,-14.3915,-14.6489,-0.25739999999999874
NA84S,-14.3793,-14.3098,0.06950000000000145
NA84T,-14.3915,-14.0979,0.2936000000000014
NA84K,-14.3915,-14.3264,0.06510000000000105
NA84W,-14.3793,-14.7035,-0.3241999999999994
LA42C,-14.4007,-14.3786,0.02210000000000001
LA42G,-14.4007,-14.3796,0.021100000000000563
LA42Y,-14.857999999999999,-14.8357,0.022299999999999542
LA42A,-14.4007,-14.3796,0.021100000000000563
LA42Q,-14.3954,-14.3731,0.022299999999999542
LA42K,-14.401,-14.4474,-0.04640000000000022
LA42E,-14.401,-14.4114,-0.010400000000000631
LA42F,-14.401,-14.3787,0.022299999999999542
LA42D,-14.3952,-14.3504,0.044800000000000395
LA42V,-14.3911,-14.3966,-0.005499999999999616
LA42R,-14.4587,-14.6273,-0.16859999999999964
LA42N,-14.3952,-14.3731,0.02210000000000001
LA42H,-14.4007,-14.3786,0.02210000000000001
LA42T,-14.4007,-14.3883,0.012400000000001299
LA42S,-14.4007,-14.3786,0.02210000000000001
LA42M,-14.4007,-14.3786,0.02210000000000001
LA42I,-14.3914,-14.3787,0.0127000000000006
LA42W,-14.3913,-14.3697,0.021599999999999397
LA42P,-14.3914,-14.3112,0.08020000000000138
LA89K,-14.3776,-14.558,-0.18040000000000056
LA89V,-14.3945,-14.5746,-0.18009999999999948
LA89T,-14.4061,-14.5654,-0.1593
LA89E,-14.4061,-13.495999999999999,0.9101000000000017
LA89A,-14.4061,-14.5655,-0.15939999999999976
LA89N,-14.3945,-14.4879,-0.09339999999999904
LA89C,-14.4061,-14.5441,-0.1379999999999999
LA89F,-14.2796,-13.0892,1.1904000000000003
LA89Y,-14.2783,-12.5259,1.7523999999999997
LA89S,-14.4061,-14.5655,-0.15939999999999976
LA89Q,-14.3945,-14.3988,-0.00429999999999886
LA89M,-14.3945,-14.1422,0.25229999999999997
LA89P,-14.4061,-14.5595,-0.15339999999999954
LA89I,-14.3945,-14.4587,-0.06419999999999959
LA89W,-14.2724,-12.2067,2.0656999999999996
LA89H,-14.4061,-14.1162,0.28990000000000116
LA89R,-14.2507,-13.7747,0.47600000000000087
LA89G,-14.4061,-14.5655,-0.15939999999999976
LA89D,-14.4061,-13.9275,0.47860000000000014
IA88M,-14.3945,-14.3945,0.0
IA88Y,-14.3949,-14.409,-0.01410000000000089
IA88G,-14.3949,-14.3858,0.009100000000000108
IA88C,-14.3945,-14.3945,0.0
IA88E,-14.3945,-14.4091,-0.014599999999999724
IA88V,-14.3945,-14.3945,0.0
IA88Q,-14.3945,-14.3945,0.0
IA88P,-14.3946,-14.3814,0.01320000000000121
IA88A,-14.3945,-14.3945,0.0
IA88H,-14.3951,-14.3951,0.0
IA88W,-14.3949,-14.405,-0.010099999999999554
IA88D,-14.3945,-14.3048,0.08970000000000056
IA88N,-14.3945,-14.3945,0.0
IA88R,-14.3951,-14.3736,0.02149999999999963
IA88F,-14.3949,-14.3949,0.0
IA88T,-14.3945,-14.3945,0.0
IA88S,-14.3945,-14.3945,0.0
IA88K,-14.3945,-14.3834,0.011100000000000776
IA88L,-14.3945,-14.3945,0.0
SA38N,-14.3945,-13.8363,0.5582000000000011
SA38P,-14.3945,-14.9112,-0.5166999999999984
SA38T,-14.3945,-14.6668,-0.27229999999999954
SA38H,-14.3945,-13.6361,0.7584
SA38I,-14.3953,-14.7127,-0.31739999999999924
SA38C,-14.3945,-14.1603,0.2342000000000013
SA38V,-14.3945,-14.3441,0.050400000000001555
SA38F,-14.3945,-14.405999999999999,-0.011499999999998067
SA38E,-14.3953,-13.5476,0.8477000000000015
SA38Q,-14.3945,-13.7944,0.6001000000000012
SA38K,-14.3945,-14.0341,0.3604000000000003
SA38L,-14.3945,-13.6853,0.7092000000000009
SA38D,-14.3945,-12.5436,1.850900000000001
SA38Y,-14.3945,-14.5529,-0.15839999999999854
SA38R,-14.3945,-14.067,0.32750000000000057
SA38M,-14.3945,-14.3518,0.04269999999999996
SA38A,-14.3945,-14.2582,0.1363000000000003
SA38W,-14.3945,-13.9036,0.4908999999999999
SA38G,-14.3945,-13.9215,0.47300000000000075
TA99F,-14.3933,-13.3613,1.032
TA99Q,-14.3928,-13.8424,0.5503999999999998
TA99V,-14.3928,-14.0287,0.36409999999999876
TA99K,-14.2357,-13.8596,0.3760999999999992
TA99A,-14.3928,-14.5831,-0.19030000000000058
TA99W,-14.2357,-12.9176,1.3180999999999994
TA99I,-14.4168,-13.8583,0.5585000000000004
TA99C,-14.3928,-14.277999999999999,0.11480000000000068
TA99G,-14.3943,-14.7239,-0.329600000000001
TA99L,-14.2609,-13.7625,0.4984000000000002
TA99N,-14.3928,-14.1432,0.24959999999999916
TA99P,-14.3943,-14.5503,-0.15600000000000058
TA99Y,-14.2235,-11.6564,2.5671
TA99M,-14.2609,-13.3201,0.9407999999999994
TA99E,-14.405999999999999,-12.9692,1.436799999999998
TA99H,-14.4168,-13.8452,0.5716000000000001
TA99S,-14.3928,-14.6554,-0.26260000000000083
TA99D,-14.405999999999999,-13.8093,0.5966999999999985
TA99R,-14.2357,-14.0746,0.16109999999999935
DA86C,-14.3956,-14.5061,-0.11050000000000004
DA86K,-14.3956,-14.5465,-0.15090000000000003
DA86T,-14.3837,-14.5126,-0.12890000000000157
DA86E,-14.3955,-14.4109,-0.015399999999999636
DA86P,-14.3986,-14.3827,0.015900000000000247
DA86A,-14.3956,-14.4841,-0.0884999999999998
DA86H,-14.3956,-14.5197,-0.12410000000000032
DA86Y,-14.3837,-14.5096,-0.12590000000000146
DA86N,-14.3956,-14.526,-0.13039999999999985
DA86Q,-14.3837,-14.5076,-0.12390000000000079
DA86M,-14.3956,-14.5021,-0.10650000000000048
DA86G,-14.3986,-14.4889,-0.09029999999999916
DA86F,-14.3837,-14.5076,-0.12390000000000079
DA86L,-14.3956,-14.5078,-0.11219999999999963
DA86V,-14.3956,-14.5155,-0.11989999999999945
DA86I,-14.3986,-14.5179,-0.11929999999999907
DA86W,-14.3986,-14.5287,-0.13010000000000055
DA86R,-14.3956,-14.5519,-0.15629999999999988
DA86S,-14.3956,-14.499,-0.1034000000000006
EA73C,-14.8359,-15.1572,-0.32129999999999903
EA73H,-14.8359,-15.0944,-0.25849999999999973
EA73Q,-14.8637,-15.4313,-0.5676000000000005
EA73T,-14.8777,-15.4959,-0.6181999999999999
EA73G,-14.3136,-15.0794,-0.7658000000000005
EA73K,-14.8777,-15.5226,-0.6448999999999998
EA73S,-14.3136,-14.9662,-0.6526000000000014
EA73I,-14.8206,-15.4017,-0.5810999999999993
EA73N,-14.8359,-15.1436,-0.30769999999999875
EA73L,-14.8359,-15.1476,-0.3117000000000001
EA73R,-14.8206,-16.3369,-1.5162999999999993
EA73P,-14.2427,-14.7017,-0.4590000000000014
EA73Y,-14.8777,-16.5181,-1.6403999999999996
EA73V,-14.8777,-15.7369,-0.8591999999999995
EA73F,-14.8359,-15.3857,-0.5497999999999994
EA73W,-14.3555,-15.7172,-1.3617000000000008
EA73M,-14.8777,-15.4257,-0.548
EA73D,-14.8359,-15.0932,-0.257299999999999
EA73A,-14.3136,-15.1632,-0.8496000000000006
NA41D,-14.3945,-14.3545,0.040000000000000924
NA41Y,-14.3945,-14.3635,0.031000000000000583
NA41C,-14.3945,-14.3945,0.0
NA41K,-14.3945,-14.3932,0.001300000000000523
NA41I,-14.3945,-14.3654,0.029100000000001458
NA41M,-14.3945,-14.3945,0.0
NA41A,-14.3945,-14.3945,0.0
NA41V,-14.3945,-14.3683,0.02620000000000111
NA41F,-14.3945,-14.3541,0.04039999999999999
NA41E,-14.3945,-14.3439,0.05060000000000109
NA41G,-14.3945,-14.3822,0.012300000000001532
NA41S,-14.3945,-14.3945,0.0
NA41W,-14.3945,-14.4025,-0.007999999999999119
NA41R,-14.3945,-14.4156,-0.021099999999998786
NA41P,-14.3945,-14.3628,0.03170000000000073
NA41H,-14.3945,-14.3945,0.0
NA41T,-14.3945,-14.3945,0.0
NA41L,-14.3945,-14.3654,0.029100000000001458
NA41Q,-14.3945,-14.3945,0.0
KA39T,-14.3806,-14.3241,0.05649999999999977
KA39Q,-14.3801,-14.3143,0.06580000000000119
KA39A,-14.3806,-14.3201,0.06049999999999933
KA39S,-14.3806,-14.4189,-0.03830000000000133
KA39G,-14.3806,-14.3078,0.07279999999999909
KA39D,-14.3801,-14.196,0.18410000000000082
KA39F,-14.3806,-14.3555,0.025100000000000122
KA39L,-14.3945,-14.334000000000001,0.06049999999999933
KA39W,-14.3801,-14.3301,0.05000000000000071
KA39H,-14.3801,-14.3305,0.049599999999999866
KA39N,-14.3801,-14.3183,0.061799999999999855
KA39M,-14.3801,-14.3215,0.05860000000000021
KA39Y,-14.3806,-14.3576,0.022999999999999687
KA39I,-14.3806,-14.3175,0.0630999999999986
KA39R,-14.3945,-14.4184,-0.023899999999999366
KA39V,-14.3801,-14.3233,0.05680000000000085
KA39E,-14.3801,-14.2111,0.16900000000000048
KA39C,-14.3806,-14.3273,0.053300000000000125
KA39P,-14.3806,-14.3271,0.05349999999999966
IA55F,-14.3975,-14.6526,-0.25509999999999877
IA55T,-14.3945,-14.3676,0.026900000000001256
IA55M,-14.3975,-14.3704,0.02710000000000079
IA55L,-14.3945,-14.4238,-0.029299999999999216
IA55S,-14.3945,-14.1626,0.23190000000000133
IA55E,-14.3975,-14.0616,0.33590000000000053
IA55G,-14.3975,-14.1659,0.23160000000000025
IA55R,-14.3975,-14.8247,-0.42719999999999914
IA55Y,-14.3945,-14.2291,0.1654
IA55V,-14.3945,-14.3657,0.02880000000000038
IA55C,-14.3945,-14.357000000000001,0.037499999999999645
IA55N,-14.3945,-14.1548,0.2397000000000009
IA55W,-14.3945,-14.0982,0.29630000000000045
IA55H,-14.3945,-14.1017,0.2928000000000015
IA55P,-14.3945,-14.1507,0.24380000000000024
IA55A,-14.3945,-14.1625,0.2320000000000011
IA55K,-14.3975,-14.5892,-0.1916999999999991
IA55D,-14.3945,-13.9268,0.46770000000000067
IA55Q,-14.3975,-14.3825,0.015000000000000568
VA36S,-14.3945,-14.3559,0.038600000000000634
VA36W,-14.3945,-14.5751,-0.1806000000000001
VA36T,-14.3945,-14.3749,0.019600000000000506
VA36Q,-14.3945,-14.2838,0.11070000000000135
VA36D,-14.3945,-14.2604,0.1341000000000001
VA36C,-14.3945,-14.3893,0.0052000000000003155
VA36G,-14.3945,-14.350999999999999,0.04350000000000165
VA36F,-14.3945,-14.5064,-0.11189999999999856
VA36H,-14.3945,-14.3937,0.0007999999999999119
VA36L,-14.3945,-14.4927,-0.09819999999999851
VA36P,-14.3945,-14.5053,-0.11079999999999934
VA36K,-14.3945,-14.6686,-0.2740999999999989
VA36M,-14.3945,-14.6448,-0.2502999999999993
VA36N,-14.3945,-14.395,-0.0004999999999988347
VA36Y,-14.3945,-14.9727,-0.5781999999999989
VA36E,-14.3945,-14.2664,0.12809999999999988
VA36I,-14.3945,-14.5183,-0.12379999999999924
VA36R,-14.3945,-14.9661,-0.5716000000000001
VA36A,-14.3945,-14.3801,0.01440000000000019
SA28E,-14.3945,-14.2986,0.09590000000000032
SA28W,-14.3945,-14.3945,0.0
SA28M,-14.3945,-14.3972,-0.0026999999999990365
SA28N,-14.3945,-14.3945,0.0
SA28Q,-14.3945,-14.3945,0.0
SA28G,-14.3945,-14.3972,-0.0026999999999990365
SA28P,-14.8509,-14.8997,-0.048799999999999955
SA28L,-14.3945,-14.3945,0.0
SA28K,-14.3945,-15.2793,-0.8847999999999985
SA28T,-14.3945,-14.3949,-0.00039999999999906777
SA28F,-14.3945,-14.394,0.0005000000000006111
SA28V,-14.8509,-14.8707,-0.01980000000000004
SA28R,-14.3945,-15.4316,-1.0370999999999988
SA28A,-14.3945,-14.3999,-0.005399999999999849
SA28I,-14.8509,-14.8675,-0.016600000000000392
SA28Y,-14.8509,-15.6894,-0.8384999999999998
SA28D,-14.3945,-14.3275,0.06700000000000017
SA28C,-14.3945,-14.3934,0.001100000000000989
SA28H,-14.3945,-14.3945,0.0
WA71H,-14.3705,-14.3929,-0.02239999999999931
WA71F,-14.3705,-14.3528,0.017699999999999605
WA71S,-14.3716,-14.3769,-0.005299999999998306
WA71D,-14.3716,-14.2117,0.15990000000000038
WA71V,-14.3716,-14.3154,0.05620000000000047
WA71A,-14.3716,-14.398,-0.02639999999999887
WA71Y,-14.3717,-14.3739,-0.002200000000000202
WA71N,-14.3716,-14.3542,0.017400000000000304
WA71R,-14.3716,-14.5887,-0.21709999999999852
WA71T,-14.3716,-14.3413,0.030300000000000438
WA71E,-14.3716,-14.2919,0.07970000000000077
WA71M,-14.3716,-14.3455,0.026100000000001344
WA71I,-14.3705,-14.3251,0.045399999999999
WA71K,-14.3716,-14.4317,-0.06009999999999849
WA71P,-14.3716,-14.3656,0.006000000000000227
WA71G,-14.3716,-14.4185,-0.046899999999999054
WA71L,-14.3716,-14.3009,0.07070000000000043
WA71C,-14.3716,-14.3457,0.025900000000000034
WA71Q,-14.3705,-14.3748,-0.004300000000000637
NA58E,-14.3945,-14.0738,0.32070000000000043
NA58V,-14.245999999999999,-14.2328,0.013199999999999434
NA58Y,-14.0788,-14.044,0.03479999999999883
NA58K,-14.3945,-14.574000000000002,-0.17950000000000088
NA58D,-14.3945,-13.4865,0.9080000000000013
NA58A,-14.2237,-14.1818,0.04189999999999827
NA58C,-14.3945,-14.3682,0.026300000000000878
NA58W,-14.2267,-14.1613,0.06539999999999857
NA58G,-14.2237,-14.3647,-0.14100000000000001
NA58P,-14.0758,-14.1316,-0.055800000000001404
NA58T,-14.3945,-14.6877,-0.2931999999999988
NA58S,-14.2237,-14.3199,-0.0962000000000014
NA58R,-14.3945,-14.6709,-0.27639999999999887
NA58H,-14.2267,-14.1822,0.04449999999999932
NA58L,-14.2237,-14.1761,0.0475999999999992
NA58M,-14.3945,-14.3325,0.062000000000001165
NA58Q,-14.2237,-14.2478,-0.024100000000000676
NA58F,-14.0788,-13.9029,0.1758999999999986
NA58I,-14.2237,-14.5374,-0.31370000000000076
YA78V,-14.3945,-14.3461,0.04840000000000089
YA78I,-14.3945,-14.3595,0.03500000000000014
YA78D,-14.3945,-14.3165,0.07800000000000118
YA78H,-14.3945,-14.3771,0.017400000000000304
YA78Q,-14.3887,-14.6456,-0.2568999999999999
YA78S,-14.3945,-13.9478,0.4466999999999999
YA78M,-14.3945,-14.5547,-0.16019999999999968
YA78F,-14.3945,-14.4164,-0.0218999999999987
YA78T,-14.3945,-14.3139,0.08060000000000045
YA78A,-14.3945,-14.302,0.09250000000000114
YA78L,-14.3945,-14.4403,-0.04579999999999984
YA78G,-14.3945,-14.3135,0.0810000000000013
YA78R,-14.3945,-14.732999999999999,-0.338499999999998
YA78P,-14.3945,-14.2843,0.11020000000000074
YA78K,-14.3945,-14.5144,-0.11989999999999945
YA78C,-14.3945,-14.3368,0.05770000000000053
YA78E,-14.3945,-14.2758,0.11870000000000047
YA78W,-14.3945,-14.3978,-0.0032999999999994145
YA78N,-14.3887,-14.405,-0.016299999999999315
RA59N,-14.3945,-12.6463,1.7482000000000006
RA59V,-14.3975,-13.327,1.070500000000001
RA59L,-14.3975,-14.5314,-0.1338999999999988
RA59A,-14.3945,-12.972000000000001,1.4224999999999994
RA59T,-14.3945,-12.1979,2.1966
RA59Y,-14.3975,-14.1642,0.23330000000000162
RA59M,-14.3975,-15.0545,-0.657
RA59G,-14.2698,-11.9876,2.2821999999999996
RA59H,-14.3945,-13.2543,1.1402
RA59Q,-14.3975,-13.1169,1.2806000000000015
RA59S,-14.3945,-12.2528,2.1417
RA59F,-14.3975,-14.3319,0.06560000000000166
RA59C,-14.3945,-12.7636,1.6309000000000005
RA59P,-14.3975,-11.3684,3.0291000000000015
RA59E,-14.517999999999999,-12.4325,2.0854999999999997
RA59I,-14.3975,-14.3022,0.09530000000000172
RA59K,-14.3975,-13.7035,0.6940000000000008
RA59W,-14.3975,-14.2377,0.1598000000000006
RA59D,-14.5125,-11.5736,2.9388999999999985
TA100D,-14.3955,-14.350999999999999,0.044500000000001094
TA100I,-14.3955,-14.3892,0.006299999999999528
TA100A,-14.3955,-14.4085,-0.0129999999999999
TA100G,-14.3955,-14.2741,0.12139999999999951
TA100K,-14.3955,-14.4028,-0.007299999999998974
TA100C,-14.3955,-14.4004,-0.004899999999999238
TA100W,-14.3955,-14.3812,0.014300000000000423
TA100M,-14.3955,-14.3956,-9.999999999976694e-05
TA100E,-14.3955,-14.2711,0.12439999999999962
TA100Y,-14.3955,-14.3901,0.005399999999999849
TA100R,-14.3945,-14.4005,-0.005999999999998451
TA100P,-14.3955,-14.4,-0.0045000000000001705
TA100F,-14.3955,-14.3844,0.011100000000000776
TA100V,-14.3955,-14.3878,0.007699999999999818
TA100L,-14.3955,-14.3916,0.0038999999999997925
TA100S,-14.3945,-14.4053,-0.010799999999999699
TA100N,-14.3955,-14.3962,-0.000700000000000145
TA100H,-14.3955,-14.4115,-0.016000000000000014
TA100Q,-14.3955,-14.3873,0.00820000000000043
IA51Y,-14.3906,-14.2064,0.1841999999999988
IA51T,-14.9132,-14.8917,0.02149999999999963
IA51Q,-14.4723,-14.7685,-0.2961999999999989
IA51F,-14.3851,-14.1034,0.28169999999999895
IA51M,-14.8789,-14.7722,0.10670000000000002
IA51L,-14.9311,-14.6415,0.2896000000000001
IA51S,-14.9132,-13.9211,0.9921000000000006
IA51H,-14.9132,-14.8968,0.016399999999999082
IA51A,-14.8826,-14.4449,0.43769999999999953
IA51D,-14.9132,-14.7731,0.14010000000000034
IA51R,-14.8836,-17.8768,-2.9932
IA51C,-14.8826,-14.6044,0.2782
IA51K,-14.975999999999999,-14.4346,0.5413999999999994
IA51E,-14.4723,-14.2656,0.20670000000000144
IA51G,-14.9132,-13.739,1.174199999999999
IA51N,-14.8826,-14.6672,0.2154000000000007
IA51W,-14.994000000000002,-13.6858,1.3082000000000011
IA51P,-14.9132,-14.017000000000001,0.8961999999999986
IA51V,-14.4522,-14.3215,0.13069999999999915
AA37C,-14.3945,-14.8354,-0.4408999999999992
AA37R,-14.9295,-14.3058,0.6237000000000013
AA37G,-14.3945,-13.8788,0.5157000000000007
AA37V,-14.4022,-14.3966,0.00560000000000116
AA37Q,-14.3945,-15.2936,-0.8990999999999989
AA37Y,-14.8509,-14.5191,0.33179999999999943
AA37F,-14.8509,-10.345999999999998,4.504900000000001
AA37K,-14.3945,-14.2388,0.15570000000000128
AA37H,-14.3945,-11.4318,2.9627
AA37W,-14.9295,-12.084000000000001,2.8454999999999995
AA37P,-14.3945,-14.552,-0.15749999999999886
AA37E,-14.3945,-13.7202,0.6743000000000006
AA37M,-14.3945,-15.6344,-1.2398999999999987
AA37T,-14.4022,-14.322000000000001,0.0801999999999996
AA37I,-14.4022,-13.9604,0.44180000000000064
AA37S,-14.4022,-13.9334,0.4687999999999999
AA37L,-14.8576,-9.07156,5.78604
AA37N,-14.3945,-14.5766,-0.18209999999999837
AA37D,-14.3945,-12.1909,2.2036000000000016
FA82P,-14.3945,-13.534,0.8605
FA82R,-14.3945,-14.2264,0.1681000000000008
FA82Y,-14.3945,-14.6804,-0.2858999999999998
FA82E,-14.3945,-14.1059,0.28860000000000063
FA82N,-14.3945,-13.6405,0.7540000000000013
FA82K,-14.3945,-14.2501,0.14440000000000097
FA82V,-14.3945,-13.6818,0.7126999999999999
FA82Q,-14.3945,-13.8088,0.585700000000001
FA82A,-14.3945,-13.5218,0.8727
FA82S,-14.3945,-13.2009,1.1936
FA82M,-14.3945,-15.3829,-0.9883999999999986
FA82L,-14.3945,-14.5265,-0.13199999999999967
FA82G,-14.3945,-13.2678,1.1267000000000014
FA82W,-14.3945,-14.4448,-0.05030000000000001
FA82H,-14.3945,-13.9408,0.4537000000000013
FA82D,-14.3945,-13.1433,1.2512000000000008
FA82I,-14.3945,-14.0664,0.32810000000000095
FA82C,-14.3945,-13.5942,0.8003
FA82T,-14.3945,-13.3873,1.007200000000001
AA30T,-14.3953,-14.4022,-0.006899999999999906
AA30G,-14.3945,-14.390999999999998,0.003500000000002501
AA30D,-14.4007,-14.357999999999999,0.04270000000000174
AA30I,-14.41,-14.5899,-0.17989999999999995
AA30S,-14.4001,-14.4024,-0.0022999999999999687
AA30P,-14.850999999999999,-15.2197,-0.36870000000000047
AA30Y,-14.4787,-14.5233,-0.04460000000000086
AA30M,-14.4787,-14.4581,0.02059999999999995
AA30C,-14.478,-14.472999999999999,0.005000000000000782
AA30R,-14.41,-14.5004,-0.0904000000000007
AA30W,-14.4787,-14.4852,-0.0065000000000008384
AA30E,-14.4008,-14.3647,0.03610000000000113
AA30F,-14.4787,-14.4846,-0.00590000000000046
AA30N,-14.4007,-14.3964,0.004300000000000637
AA30K,-14.4787,-14.4491,0.029600000000000293
AA30H,-14.4001,-14.3951,0.005000000000000782
AA30Q,-14.4008,-14.3956,0.0052000000000003155
AA30V,-14.8744,-14.8316,0.04279999999999973
AA30L,-14.8743,-14.8543,0.019999999999999574
DA75T,-14.4061,-14.2513,0.15479999999999983
DA75A,-14.4061,-13.9674,0.43870000000000076
DA75C,-14.3998,-14.2602,0.1396000000000015
DA75M,-14.4061,-14.7795,-0.3734000000000002
DA75N,-14.3998,-14.8611,-0.4612999999999996
DA75Q,-14.4061,-15.3094,-0.9032999999999998
DA75P,-14.4061,-14.1998,0.2063000000000006
DA75G,-14.3998,-13.8153,0.5845000000000002
DA75I,-14.4061,-14.4997,-0.09360000000000035
DA75R,-14.9116,-14.6491,0.2624999999999993
DA75E,-14.4061,-14.4511,-0.04499999999999993
DA75Y,-14.4711,-8.467089999999999,6.004010000000001
DA75K,-14.4061,-14.7784,-0.3722999999999992
DA75H,-14.3998,-14.469000000000001,-0.06920000000000037
DA75S,-14.4061,-14.046,0.360100000000001
DA75L,-14.4061,-14.6346,-0.22850000000000037
DA75V,-14.4061,-14.3705,0.03560000000000052
DA75W,-14.8968,-10.8561,4.040700000000001
DA75F,-14.4648,-14.0267,0.4381000000000004
SA80K,-14.3945,-14.3945,0.0
SA80M,-14.3945,-14.3945,0.0
SA80H,-14.3945,-14.3945,0.0
SA80I,-14.3945,-14.3945,0.0
SA80V,-14.3945,-14.3945,0.0
SA80T,-14.3945,-14.3945,0.0
SA80D,-14.3945,-14.3981,-0.0035999999999987153
SA80A,-14.3945,-14.3945,0.0
SA80C,-14.3945,-14.3945,0.0
SA80E,-14.3945,-14.4055,-0.010999999999999233
SA80N,-14.3945,-14.3945,0.0
SA80G,-14.3945,-14.3945,0.0
SA80P,-14.3945,-14.3945,0.0
SA80F,-14.3945,-14.3945,0.0
SA80Q,-14.3945,-14.3945,0.0
SA80R,-14.3945,-14.39,0.0045000000000001705
SA80Y,-14.3945,-14.3945,0.0
SA80L,-14.3945,-14.3945,0.0
SA80W,-14.3945,-14.3945,0.0
RA72P,-14.3945,-14.2871,0.10740000000000016
RA72S,-14.3945,-14.3004,0.09410000000000096
RA72N,-14.3945,-14.3004,0.09410000000000096
RA72C,-14.3945,-14.3004,0.09410000000000096
RA72D,-14.4106,-14.1486,0.26200000000000045
RA72E,-14.4061,-14.2439,0.16220000000000034
RA72F,-14.3945,-14.3006,0.09390000000000143
RA72G,-14.3945,-14.2926,0.10190000000000055
RA72M,-14.3945,-14.3004,0.09410000000000096
RA72I,-14.3945,-14.3006,0.09390000000000143
RA72A,-14.3945,-14.2902,0.10430000000000028
RA72W,-14.3945,-14.3004,0.09410000000000096
RA72T,-14.3945,-14.2824,0.11209999999999987
RA72V,-14.3945,-14.2834,0.11110000000000042
RA72L,-14.3945,-14.3004,0.09410000000000096
RA72H,-14.3945,-14.3006,0.09390000000000143
RA72K,-14.3945,-14.3132,0.0813000000000006
RA72Y,-14.3945,-14.3006,0.09390000000000143
RA72Q,-14.3945,-14.3004,0.09410000000000096
WA35L,-14.8576,-14.2784,0.5792000000000002
WA35D,-14.8395,-13.4997,1.3397999999999985
WA35V,-14.8596,-14.2353,0.6242999999999999
WA35T,-14.8492,-14.4961,0.3530999999999995
WA35G,-14.8492,-14.2308,0.6183999999999994
WA35A,-14.8492,-14.2308,0.6183999999999994
WA35R,-14.4022,-14.8194,-0.41719999999999935
WA35M,-14.8395,-14.4152,0.4242999999999988
WA35I,-14.8492,-14.2613,0.5878999999999994
WA35Y,-14.8492,-14.709000000000001,0.14019999999999833
WA35E,-14.8395,-13.5574,1.2820999999999998
WA35H,-14.8395,-13.6965,1.142999999999999
WA35K,-14.8395,-13.6157,1.2237999999999989
WA35P,-14.8523,-14.2308,0.6214999999999993
WA35Q,-14.8395,-13.7063,1.1331999999999987
WA35C,-14.8492,-14.2349,0.6143000000000001
WA35S,-14.8492,-14.232999999999999,0.616200000000001
WA35F,-14.8492,-14.7341,0.11509999999999998
WA35N,-14.8395,-13.6633,1.1761999999999997
DA54T,-14.8683,-14.1135,0.7547999999999995
DA54Q,-14.8509,-15.1853,-0.3344000000000005
DA54V,-14.8509,-14.5088,0.3420999999999985
DA54G,-14.8509,-14.925,-0.07410000000000139
DA54L,-14.8509,-15.2486,-0.3977000000000004
DA54N,-14.8509,-15.177,-0.3261000000000003
DA54E,-14.8509,-14.9431,-0.09220000000000006
DA54S,-14.8683,-14.1661,0.7021999999999995
DA54W,-14.8509,-16.0712,-1.2203000000000017
DA54F,-14.8509,-15.3113,-0.4603999999999999
DA54K,-14.8509,-15.5451,-0.6942000000000004
DA54R,-14.8509,-15.547,-0.6961000000000013
DA54P,-14.8509,-14.7156,0.1352999999999991
DA54C,-14.8509,-14.675999999999998,0.17490000000000094
DA54I,-14.8509,-14.5261,0.32479999999999976
DA54M,-14.3945,-14.9197,-0.5251999999999999
DA54Y,-14.8509,-15.2084,-0.35749999999999993
DA54A,-14.8509,-14.7485,0.10239999999999938
DA54H,-14.8509,-15.2466,-0.3957000000000015
KA62F,-14.2875,-14.4688,-0.18130000000000024
KA62I,-14.2875,-14.3536,-0.06610000000000049
KA62C,-14.2875,-14.3458,-0.05830000000000091
KA62N,-14.2875,-14.3582,-0.07070000000000043
KA62P,-14.2875,-14.3353,-0.04780000000000051
KA62T,-14.2875,-14.3145,-0.027000000000001023
KA62G,-14.2875,-14.3326,-0.045099999999999696
KA62S,-14.2875,-14.3612,-0.07370000000000054
KA62A,-14.2875,-14.3707,-0.08319999999999972
KA62Q,-14.2875,-14.3709,-0.08340000000000103
KA62R,-14.2875,-14.7617,-0.47419999999999973
KA62M,-14.2735,-14.2324,0.041100000000000136
KA62E,-14.2875,-14.2395,0.04800000000000004
KA62W,-14.2875,-14.4298,-0.14230000000000054
KA62Y,-14.2875,-14.3833,-0.09580000000000055
KA62H,-14.2875,-14.5268,-0.23930000000000007
KA62V,-14.2875,-14.3495,-0.062000000000001165
KA62D,-14.2875,-14.1765,0.11099999999999888
KA62L,-14.2875,-14.3319,-0.04439999999999955
