Mutation,WT_energy,MUT_energy,DDG
LA984F,0.44681400000000004,0.42718100000000003,-0.01963300000000001
LA984W,0.49865200000000004,0.40978100000000006,-0.08887099999999998
LA984Q,0.438464,0.370373,-0.06809100000000001
LA984E,0.438464,0.5838,0.14533599999999997
LA984P,0.438464,0.395907,-0.04255700000000001
LA984G,0.444913,0.44701899999999994,0.0021059999999999413
LA984C,0.438464,0.377775,-0.06068899999999999
LA984S,0.438464,0.384481,-0.053983
LA984H,0.49865200000000004,0.46875600000000006,-0.029895999999999978
LA984D,0.438464,0.509047,0.070583
LA984K,0.438464,0.435296,-0.003168000000000004
LA984Y,0.45580200000000004,0.38673,-0.06907200000000002
LA984I,0.400425,0.40817,0.007745000000000002
LA984T,0.48744899999999997,0.43387200000000004,-0.05357699999999993
LA984M,0.400425,0.43128500000000003,0.030860000000000054
LA984N,0.400425,0.373051,-0.027373999999999954
LA984A,0.444913,0.398429,-0.046484000000000025
LA984R,0.438464,0.49888599999999994,0.06042199999999992
LA984V,0.48744899999999997,0.47618900000000003,-0.011259999999999937
LA713E,0.5080520000000001,0.494832,-0.013220000000000065
LA713N,0.5080520000000001,0.5080520000000001,0.0
LA713H,0.507672,0.480908,-0.02676400000000001
LA713W,0.507672,0.493022,-0.014649999999999996
LA713M,0.5080520000000001,0.5080520000000001,0.0
LA713Q,0.5080520000000001,0.5080520000000001,0.0
LA713F,0.507672,0.491649,-0.01602300000000001
LA713T,0.5080520000000001,0.5080520000000001,0.0
LA713K,0.5080520000000001,0.552281,0.04422899999999996
LA713S,0.5080520000000001,0.5080520000000001,0.0
LA713I,0.5080520000000001,0.5080520000000001,0.0
LA713V,0.5080520000000001,0.5080520000000001,0.0
LA713P,0.5080520000000001,0.5080520000000001,0.0
LA713A,0.5080520000000001,0.5080520000000001,0.0
LA713R,0.5080520000000001,0.610954,0.10290199999999994
LA713C,0.5080520000000001,0.5080520000000001,0.0
LA713D,0.5080520000000001,0.494832,-0.013220000000000065
LA713G,0.5080520000000001,0.5080520000000001,0.0
LA713Y,0.507672,0.49231499999999995,-0.015357000000000065
YA907T,0.463305,0.8117310000000001,0.34842600000000007
YA907A,0.463305,0.0812522,-0.3820528
YA907W,0.463305,0.281431,-0.18187400000000004
YA907D,0.463305,-1.17419,-1.6374950000000001
YA907H,0.463305,0.20959899999999998,-0.25370600000000004
YA907N,0.463305,0.682094,0.21878899999999996
YA907V,0.463305,-0.348404,-0.811709
YA907R,0.463305,1.55966,1.096355
YA907F,0.5080520000000001,0.139463,-0.36858900000000006
YA907L,0.463305,-0.357915,-0.8212200000000001
YA907I,0.463305,0.186748,-0.27655700000000005
YA907P,0.463305,0.403547,-0.05975800000000003
YA907E,0.463305,-0.944321,-1.407626
YA907M,0.463305,-0.425274,-0.888579
YA907K,0.463305,0.793759,0.33045399999999997
YA907S,0.463305,0.757243,0.293938
YA907Q,0.463305,0.743463,0.28015799999999996
YA907G,0.463305,-0.208267,-0.6715720000000001
YA907C,0.463305,0.320038,-0.14326700000000003
VA886R,0.5080520000000001,0.5290050000000001,0.020953
VA886Q,0.5080520000000001,0.508113,6.099999999997774e-05
VA886K,0.5080520000000001,0.5183300000000001,0.01027800000000001
VA886N,0.5080520000000001,0.5088050000000001,0.0007530000000000037
VA886M,0.5056430000000001,0.510609,0.004965999999999915
VA886E,0.5056430000000001,0.479113,-0.026530000000000054
VA886S,0.5080520000000001,0.5069,-0.0011520000000000419
VA886I,0.5056430000000001,0.507851,0.0022079999999999878
VA886Y,0.5080520000000001,0.5069,-0.0011520000000000419
VA886W,0.5056430000000001,0.560298,0.0546549999999999
VA886A,0.5080520000000001,0.507691,-0.0003610000000000557
VA886D,0.5056430000000001,0.460823,-0.04482000000000008
VA886G,0.5080520000000001,0.506096,-0.001956000000000069
VA886H,0.5080520000000001,0.509936,0.0018839999999998858
VA886L,0.5056430000000001,0.514726,0.009082999999999952
VA886F,0.5056430000000001,0.508026,0.002382999999999913
VA886C,0.5080520000000001,0.5069,-0.0011520000000000419
VA886T,0.5056430000000001,0.506767,0.0011239999999999029
VA886P,0.5056430000000001,0.505236,-0.0004070000000000462
GA892W,0.5080520000000001,0.505965,-0.002087000000000061
GA892N,0.5056430000000001,0.505034,-0.0006090000000000817
GA892Q,0.5080520000000001,0.508424,0.00037199999999992794
GA892P,0.5080520000000001,0.509513,0.0014609999999999346
GA892M,0.5080520000000001,0.509466,0.0014139999999999153
GA892I,0.5056430000000001,0.5030140000000001,-0.0026289999999999925
GA892H,0.5080520000000001,0.503962,-0.004090000000000038
GA892C,0.5080520000000001,0.507443,-0.0006090000000000817
GA892F,0.5056430000000001,0.502973,-0.002670000000000061
GA892R,0.5056430000000001,0.5623319999999999,0.05668899999999988
GA892D,0.5056430000000001,0.36906300000000003,-0.13658000000000003
GA892K,0.5080520000000001,0.523637,0.01558499999999996
GA892V,0.5080520000000001,0.507443,-0.0006090000000000817
GA892Y,0.5056430000000001,0.502973,-0.002670000000000061
GA892E,0.5080520000000001,0.367672,-0.14038000000000006
GA892T,0.5056430000000001,0.505034,-0.0006090000000000817
GA892L,0.5056430000000001,0.502905,-0.002738000000000018
GA892S,0.5056430000000001,0.501553,-0.004090000000000038
GA892A,0.5056430000000001,0.501553,-0.004090000000000038
HA909C,0.5080520000000001,0.531564,0.023511999999999977
HA909G,0.5080520000000001,0.5580729999999999,0.05002099999999987
HA909E,0.5080520000000001,0.156756,-0.35129600000000005
HA909T,0.5080520000000001,0.5999220000000001,0.09187000000000001
HA909D,-0.187696,-0.47847799999999996,-0.290782
HA909Q,0.5080520000000001,0.54284,0.03478799999999993
HA909W,0.5080520000000001,0.53028,0.022227999999999914
HA909M,-0.187696,-0.15523900000000002,0.032456999999999986
HA909I,0.5080520000000001,0.589267,0.08121499999999993
HA909Y,-0.183275,-0.223373,-0.040097999999999995
HA909L,0.5080520000000001,0.523033,0.014980999999999911
HA909F,0.5080520000000001,0.561538,0.05348599999999992
HA909R,0.5080520000000001,0.9551959999999999,0.4471439999999999
HA909A,0.5080520000000001,0.558146,0.05009399999999997
HA909N,0.5080520000000001,0.549942,0.04188999999999998
HA909S,0.5080520000000001,0.558153,0.05010099999999995
HA909K,0.5080520000000001,0.719754,0.21170199999999995
HA909P,0.5080520000000001,0.63663,0.12857799999999997
HA909V,0.5080520000000001,0.593467,0.08541499999999991
AA898C,0.463305,0.888357,0.42505199999999993
AA898G,0.463305,0.510479,0.047173999999999994
AA898P,0.463305,1.24222,0.778915
AA898L,0.460196,4.06058,3.600384
AA898Y,0.463305,12.6352,12.171895
AA898H,0.463305,1.59061,1.127305
AA898F,0.463305,13.5299,13.066595
AA898R,0.461459,1.21743,0.755971
AA898S,0.5080520000000001,0.7339640000000001,0.225912
AA898D,0.463305,1.1517700000000002,0.6884650000000001
AA898W,0.463305,20.0607,19.597395000000002
AA898M,0.461604,0.9887389999999999,0.5271349999999999
AA898I,0.463305,1.1361299999999999,0.6728249999999998
AA898T,0.463305,0.823341,0.36003599999999997
AA898K,0.460196,4.58895,4.128754
AA898Q,0.460196,4.2378599999999995,3.7776639999999997
AA898V,0.463305,1.14278,0.6794749999999998
AA898E,0.463305,0.785042,0.321737
AA898N,0.463305,1.24471,0.7814049999999999
DA766E,0.479863,0.589256,0.10939300000000002
DA766T,0.48695299999999997,1.54599,1.059037
DA766L,0.48695299999999997,1.5587,1.071747
DA766Y,0.481824,1.53664,1.054816
DA766S,0.48695299999999997,1.54225,1.055297
DA766H,0.48695299999999997,1.55582,1.068867
DA766F,0.48227200000000003,1.97167,1.489398
DA766G,-0.23319299999999998,0.9319379999999999,1.165131
DA766P,0.48695299999999997,1.54942,1.062467
DA766C,0.48695299999999997,1.55787,1.0709170000000001
DA766I,0.48695299999999997,1.55639,1.069437
DA766A,0.48695299999999997,1.5414,1.0544470000000001
DA766W,0.48695299999999997,1.59051,1.1035570000000001
DA766M,0.48695299999999997,1.55775,1.070797
DA766K,0.48147399999999996,2.30745,1.8259759999999998
DA766V,0.48695299999999997,1.5535700000000001,1.0666170000000001
DA766R,0.48147399999999996,2.26329,1.781816
DA766N,0.48695299999999997,1.55836,1.071407
DA766Q,0.48695299999999997,1.55777,1.0708170000000001
YA710Q,0.486496,0.8968020000000001,0.4103060000000001
YA710P,0.48751000000000005,0.8473959999999999,0.3598859999999999
YA710W,0.486519,0.8918809999999999,0.40536199999999994
YA710M,0.486496,0.8823280000000001,0.39583200000000013
YA710L,0.486496,0.883458,0.396962
YA710E,0.486496,0.521839,0.03534300000000007
YA710H,0.486496,0.8999229999999999,0.41342699999999993
YA710D,0.48751000000000005,0.8197559999999999,0.3322459999999999
YA710V,0.48751000000000005,0.860547,0.3730369999999999
YA710K,0.486496,0.8913700000000001,0.4048740000000001
YA710C,0.48751000000000005,0.860547,0.3730369999999999
YA710N,0.48751000000000005,0.884642,0.397132
YA710S,0.48751000000000005,0.860547,0.3730369999999999
YA710R,0.486496,0.9630350000000001,0.4765390000000001
YA710A,0.48751000000000005,0.860547,0.3730369999999999
YA710F,0.486496,0.911107,0.424611
YA710I,0.486496,0.846101,0.359605
YA710T,0.48751000000000005,0.860547,0.3730369999999999
YA710G,0.48751000000000005,0.860547,0.3730369999999999
LA918F,0.5080520000000001,0.5080520000000001,0.0
LA918M,0.5080520000000001,0.5080520000000001,0.0
LA918S,0.5080520000000001,0.5080520000000001,0.0
LA918H,0.5080520000000001,0.5080520000000001,0.0
LA918E,0.5080520000000001,0.828624,0.32057199999999997
LA918T,0.5080520000000001,0.5080520000000001,0.0
LA918N,0.5080520000000001,0.5080520000000001,0.0
LA918R,0.5080520000000001,0.532621,0.024568999999999952
LA918K,0.5080520000000001,0.5080520000000001,0.0
LA918P,0.5080520000000001,0.5098630000000001,0.001811000000000007
LA918V,0.5080520000000001,0.5080520000000001,0.0
LA918A,0.5080520000000001,0.5080520000000001,0.0
LA918C,0.5080520000000001,0.5080520000000001,0.0
LA918Q,0.5080520000000001,0.5080520000000001,0.0
LA918I,0.5080520000000001,0.5080520000000001,0.0
LA918Y,0.5080520000000001,0.5080520000000001,0.0
LA918D,0.5080520000000001,0.823559,0.315507
LA918G,0.5080520000000001,0.508842,0.0007899999999999574
LA918W,0.5080520000000001,0.5080520000000001,0.0
AA905Y,0.5080520000000001,0.49665299999999996,-0.011399000000000103
AA905Q,0.5080520000000001,0.49030799999999997,-0.017744000000000093
AA905F,0.5080520000000001,0.49868999999999997,-0.009362000000000092
AA905C,0.5080520000000001,0.497432,-0.010620000000000074
AA905D,0.5080520000000001,0.6151409999999999,0.10708899999999988
AA905W,0.5080520000000001,0.586043,0.07799099999999992
AA905L,0.5080520000000001,0.496807,-0.01124500000000006
AA905S,0.5080520000000001,0.501324,-0.006728000000000067
AA905E,0.5080520000000001,0.700458,0.19240599999999997
AA905I,0.5080520000000001,0.48763199999999995,-0.020420000000000105
AA905N,0.5080520000000001,0.499746,-0.008306000000000036
AA905P,0.5080520000000001,0.784597,0.27654499999999993
AA905H,0.5080520000000001,0.567295,0.059242999999999935
AA905K,0.5080520000000001,0.552106,0.04405399999999993
AA905M,0.5080520000000001,0.497143,-0.010909000000000058
AA905G,0.5080520000000001,0.486009,-0.022043000000000035
AA905T,0.5080520000000001,0.49235500000000004,-0.015697000000000016
AA905V,0.508107,0.49726000000000004,-0.01084699999999994
AA905R,0.5080520000000001,0.607967,0.09991499999999998
FA869H,0.505263,0.44928900000000005,-0.05597399999999997
FA869D,0.5106350000000001,0.29523299999999997,-0.2154020000000001
FA869A,0.510146,0.45301099999999994,-0.05713500000000005
FA869N,0.505263,0.447932,-0.05733100000000002
FA869G,0.510146,0.45233599999999996,-0.05781000000000003
FA869L,0.505263,0.447932,-0.05733100000000002
FA869C,0.510146,0.45301099999999994,-0.05713500000000005
FA869Y,0.505263,0.516242,0.010978999999999961
FA869Q,0.510146,0.45301099999999994,-0.05713500000000005
FA869I,0.5039939999999999,0.447932,-0.056061999999999945
FA869S,0.505263,0.447391,-0.057872000000000035
FA869P,0.505263,0.44859899999999997,-0.05666400000000005
FA869E,0.5106350000000001,0.262356,-0.24827900000000008
FA869W,0.5079670000000001,0.608534,0.10056699999999996
FA869K,0.505263,0.64384,0.13857699999999995
FA869V,0.505263,0.447932,-0.05733100000000002
FA869M,0.510146,0.45301099999999994,-0.05713500000000005
FA869T,0.510146,0.45378999999999997,-0.05635600000000002
FA869R,0.502209,1.15496,0.652751
VA758C,0.5080520000000001,0.5080520000000001,0.0
VA758K,0.5080520000000001,0.5080520000000001,0.0
VA758H,0.5080520000000001,0.5080520000000001,0.0
VA758A,0.5080520000000001,0.5080520000000001,0.0
VA758L,0.5080520000000001,0.5080520000000001,0.0
VA758S,0.5080520000000001,0.5080520000000001,0.0
VA758Y,0.5080520000000001,0.5080520000000001,0.0
VA758G,0.5080520000000001,0.5080520000000001,0.0
VA758P,0.5080520000000001,0.5080520000000001,0.0
VA758T,0.5080520000000001,0.5080520000000001,0.0
VA758F,0.5080520000000001,0.5080520000000001,0.0
VA758D,0.5080520000000001,0.494832,-0.013220000000000065
VA758I,0.5080520000000001,0.5080520000000001,0.0
VA758E,0.5080520000000001,0.494832,-0.013220000000000065
VA758N,0.5080520000000001,0.5080520000000001,0.0
VA758M,0.5080520000000001,0.5080520000000001,0.0
VA758R,0.5080520000000001,0.510456,0.0024039999999999617
VA758Q,0.5080520000000001,0.5080520000000001,0.0
VA758W,0.5080520000000001,0.508354,0.00030199999999991345
NA767V,0.5080520000000001,0.508391,0.0003389999999999782
NA767E,-0.183275,0.13074000000000002,0.31401500000000004
NA767R,-0.183723,0.9935780000000001,1.1773010000000002
NA767T,0.5080520000000001,0.508879,0.0008269999999999111
NA767W,-0.183351,0.26009499999999997,0.44344599999999995
NA767A,0.5143260000000001,0.513575,-0.0007510000000000572
NA767D,-0.187696,-0.12091099999999999,0.06678500000000001
NA767S,0.5080520000000001,0.509038,0.0009859999999999314
NA767Y,0.48695299999999997,0.767288,0.280335
NA767L,-0.183275,0.48821899999999996,0.6714939999999999
NA767G,-0.183275,0.48613199999999995,0.669407
NA767C,0.5080520000000001,0.507934,-0.0001180000000000625
NA767Q,-0.187696,-0.197743,-0.010047
NA767P,0.48695299999999997,0.479296,-0.007656999999999969
NA767F,-0.183351,0.776246,0.959597
NA767K,-0.183275,0.903701,1.086976
NA767M,-0.183275,-0.17896600000000001,0.0043089999999999795
NA767H,-0.183275,0.865834,1.049109
NA767I,0.48695299999999997,0.492911,0.005958000000000019
GA922I,0.524519,0.64544,0.12092100000000006
GA922T,0.524519,0.605118,0.08059900000000009
GA922S,0.5080520000000001,0.571417,0.0633649999999999
GA922D,0.49153100000000005,0.234357,-0.257174
GA922L,0.537916,0.658802,0.12088600000000005
GA922Y,0.5153479999999999,0.686156,0.17080800000000007
GA922N,0.524519,0.6362479999999999,0.11172899999999997
GA922R,0.5468529999999999,0.899175,0.352322
GA922V,0.526774,0.615762,0.08898800000000007
GA922C,0.524519,0.655414,0.1308950000000001
GA922F,0.5153479999999999,0.671612,0.15626400000000007
GA922A,0.5080520000000001,0.527953,0.019900999999999947
GA922W,0.533435,0.546186,0.012750999999999957
GA922K,0.5331229999999999,0.870238,0.33711500000000005
GA922H,0.537916,0.629292,0.09137600000000001
GA922P,0.524519,0.6511859999999999,0.12666699999999997
GA922M,0.545072,0.691585,0.146513
GA922Q,0.5468529999999999,0.686593,0.1397400000000001
GA922E,0.5468529999999999,0.239156,-0.3076969999999999
AA755D,0.5080520000000001,0.5080520000000001,0.0
AA755K,0.5080520000000001,0.519295,0.011242999999999892
AA755I,0.5080520000000001,0.494832,-0.013220000000000065
AA755E,0.5080520000000001,0.48665600000000003,-0.021396000000000026
AA755P,0.5080520000000001,0.5080520000000001,0.0
AA755M,0.5080520000000001,0.5080520000000001,0.0
AA755L,0.5080520000000001,0.5080520000000001,0.0
AA755Y,0.5080520000000001,0.5080520000000001,0.0
AA755F,0.5080520000000001,0.5080520000000001,0.0
AA755N,0.5080520000000001,0.5080520000000001,0.0
AA755V,0.5080520000000001,0.494832,-0.013220000000000065
AA755T,0.5080520000000001,0.494832,-0.013220000000000065
AA755G,0.5080520000000001,0.5080520000000001,0.0
AA755W,0.5080520000000001,0.5080520000000001,0.0
AA755C,0.5080520000000001,0.5080520000000001,0.0
AA755R,0.5080520000000001,0.514768,0.006715999999999944
AA755S,0.5080520000000001,0.5080520000000001,0.0
AA755Q,0.5080520000000001,0.494832,-0.013220000000000065
AA755H,0.5080520000000001,0.5080520000000001,0.0
MA764V,-0.187729,-0.187922,-0.00019299999999999873
MA764G,0.50802,0.501081,-0.0069390000000000285
MA764L,0.508078,0.507533,-0.0005450000000000177
MA764P,-0.187729,-0.186817,0.0009119999999999961
MA764F,-0.187632,-0.204698,-0.017065999999999998
MA764H,-0.187632,-0.187878,-0.0002459999999999962
MA764I,-0.187632,-0.194045,-0.006413000000000002
MA764W,-0.187646,-0.196081,-0.008434999999999998
MA764K,0.50802,0.538431,0.030410999999999966
MA764Y,-0.187632,-0.204705,-0.017073000000000005
MA764N,0.50802,0.5096310000000001,0.001611000000000029
MA764Q,0.50802,0.507644,-0.00037600000000004297
MA764A,0.50802,0.5063770000000001,-0.00164299999999995
MA764E,0.50802,0.8115060000000001,0.30348600000000003
MA764S,0.50802,0.505657,-0.002363000000000004
MA764C,0.50802,0.5060680000000001,-0.0019519999999999538
MA764T,0.50802,0.507153,-0.0008670000000000622
MA764D,0.50802,0.783138,0.275118
MA764R,0.508115,0.6119600000000001,0.10384500000000008
KA949E,0.513655,0.5202760000000001,0.006621000000000099
KA949Q,0.513655,0.515101,0.0014460000000000583
KA949D,0.513655,0.41165100000000004,-0.10200399999999993
KA949H,0.513655,0.513633,-2.199999999996649e-05
KA949G,0.513655,0.489641,-0.02401399999999998
KA949A,0.513655,0.5029399999999999,-0.01071500000000003
KA949F,0.513832,0.5167970000000001,0.0029650000000001064
KA949S,0.513655,0.512201,-0.0014539999999999553
KA949T,0.513655,0.521235,0.007580000000000031
KA949M,0.513655,0.514304,0.0006490000000000107
KA949N,0.513655,0.513302,-0.0003529999999999367
KA949W,0.513832,0.5356609999999999,0.021828999999999987
KA949L,0.513655,0.516023,0.0023680000000000367
KA949Y,0.513832,0.5159199999999999,0.0020879999999999788
KA949I,0.513655,0.509682,-0.003973000000000004
KA949C,0.513655,0.516023,0.0023680000000000367
KA949V,0.513655,0.512759,-0.0008960000000000079
KA949R,0.5080520000000001,0.49999499999999997,-0.008057000000000092
KA949P,0.513655,0.479137,-0.03451799999999999
AA880Y,0.484544,0.668976,0.18443200000000004
AA880M,0.484544,0.42606099999999997,-0.05848300000000001
AA880H,0.484544,0.262344,-0.22219999999999995
AA880R,0.484544,1.8581900000000002,1.3736460000000004
AA880V,0.484544,0.455908,-0.028635999999999995
AA880Q,0.48695299999999997,0.403885,-0.08306799999999998
AA880P,0.5056430000000001,0.49625,-0.00939300000000004
AA880C,0.48695299999999997,0.461189,-0.025763999999999954
AA880W,0.48695299999999997,0.381678,-0.10527499999999995
AA880E,0.48695299999999997,0.38983,-0.09712299999999996
AA880N,0.48695299999999997,0.424309,-0.06264399999999998
AA880L,0.48695299999999997,0.443763,-0.04318999999999995
AA880G,0.5056430000000001,0.48678599999999994,-0.018857000000000124
AA880K,0.48695299999999997,1.2902,0.803247
AA880I,0.48695299999999997,0.45796400000000004,-0.02898899999999993
AA880T,0.484544,0.459585,-0.024958999999999953
AA880S,0.5056430000000001,0.45502700000000007,-0.050615999999999994
AA880F,0.484544,1.09814,0.6135959999999999
AA880D,0.484544,-0.48128699999999996,-0.9658309999999999
DA756N,0.5080520000000001,0.519249,0.011196999999999901
DA756K,0.5080520000000001,0.543235,0.035182999999999964
DA756S,0.5080520000000001,0.519249,0.011196999999999901
DA756G,0.5080520000000001,0.519249,0.011196999999999901
DA756R,0.5080520000000001,0.552258,0.04420599999999997
DA756T,0.5080520000000001,0.519249,0.011196999999999901
DA756L,0.5080520000000001,0.519249,0.011196999999999901
DA756Q,0.5080520000000001,0.519249,0.011196999999999901
DA756V,0.5080520000000001,0.519249,0.011196999999999901
DA756H,0.5080520000000001,0.519249,0.011196999999999901
DA756I,0.5080520000000001,0.519249,0.011196999999999901
DA756Y,0.5080520000000001,0.519249,0.011196999999999901
DA756C,0.5080520000000001,0.519249,0.011196999999999901
DA756W,0.5080520000000001,0.519249,0.011196999999999901
DA756F,0.5080520000000001,0.519249,0.011196999999999901
DA756P,0.5080520000000001,0.519249,0.011196999999999901
DA756E,0.5080520000000001,0.513828,0.005775999999999892
DA756M,0.5080520000000001,0.519249,0.011196999999999901
DA756A,0.5080520000000001,0.519249,0.011196999999999901
LA860E,0.44618900000000006,0.210236,-0.23595300000000005
LA860R,0.447371,0.552268,0.10489699999999996
LA860D,0.441358,0.186661,-0.25469699999999995
LA860K,0.440903,0.594212,0.15330899999999997
LA860Q,0.440903,0.421721,-0.019181999999999977
LA860P,0.44618900000000006,0.364645,-0.08154400000000006
LA860G,0.44618900000000006,0.324416,-0.12177300000000008
LA860N,0.44696099999999994,0.447981,0.0010200000000000764
LA860I,0.420074,0.571934,0.15186000000000005
LA860H,0.441358,0.45503599999999994,0.013677999999999968
LA860T,0.44696099999999994,0.40413499999999997,-0.042825999999999975
LA860S,0.44696099999999994,0.357604,-0.08935699999999996
LA860A,0.44696099999999994,0.35251,-0.09445099999999995
LA860W,0.44711300000000004,0.44323900000000005,-0.0038739999999999886
LA860Y,0.44647,0.446553,8.299999999999974e-05
LA860M,0.440903,0.5070520000000001,0.06614900000000007
LA860V,0.44618900000000006,0.44943599999999995,0.003246999999999889
LA860C,0.44696099999999994,0.376593,-0.07036799999999993
LA860F,0.44618900000000006,0.48618500000000003,0.039995999999999976
KA761T,0.5080520000000001,0.863792,0.35573999999999995
KA761N,0.5080520000000001,0.863792,0.35573999999999995
KA761Y,0.50805,0.863792,0.355742
KA761P,0.5080520000000001,0.863593,0.355541
KA761S,0.5080520000000001,0.863792,0.35573999999999995
KA761V,0.5080520000000001,0.863792,0.35573999999999995
KA761C,0.5080520000000001,0.863792,0.35573999999999995
KA761F,0.50805,0.863792,0.355742
KA761A,0.5080520000000001,0.863792,0.35573999999999995
KA761I,0.507672,0.863792,0.35612
KA761W,0.5080359999999999,0.863792,0.35575600000000007
KA761E,0.5080520000000001,0.786463,0.27841099999999996
KA761L,0.5080520000000001,0.863792,0.35573999999999995
KA761G,0.5080520000000001,0.863927,0.35587499999999994
KA761H,0.50805,0.863792,0.355742
KA761D,0.5080520000000001,0.782998,0.2749459999999999
KA761M,0.5080520000000001,0.863792,0.35573999999999995
KA761R,0.5080520000000001,0.5386380000000001,0.030586000000000002
KA761Q,0.5080520000000001,0.863792,0.35573999999999995
EA763W,0.426252,-0.806812,-1.233064
EA763Y,0.472689,-0.330227,-0.802916
EA763H,-0.230677,0.7330369999999999,0.963714
EA763F,-0.239648,0.756458,0.9961059999999999
EA763P,-0.230677,0.727457,0.958134
EA763I,-0.230677,0.7330369999999999,0.963714
EA763N,-0.230677,0.7330369999999999,0.963714
EA763K,0.496982,0.323047,-0.173935
EA763L,-0.228113,0.736255,0.964368
EA763A,-0.226625,0.7492489999999999,0.9758739999999999
EA763M,-0.226625,0.7492489999999999,0.9758739999999999
EA763R,0.496982,0.50946,0.012478000000000045
EA763S,-0.226625,0.7492489999999999,0.9758739999999999
EA763T,-0.227473,0.736255,0.963728
EA763V,-0.230677,0.7330369999999999,0.963714
EA763C,-0.227473,0.736255,0.963728
EA763G,-0.226625,0.74534,0.971965
EA763Q,-0.228113,0.7330369999999999,0.96115
EA763D,-0.187696,-0.00669349,0.18100251
FA891P,0.583731,0.561467,-0.02226399999999995
FA891K,0.546037,0.55866,0.01262300000000005
FA891A,0.583731,0.6064930000000001,0.02276200000000006
FA891N,0.562272,0.460246,-0.102026
FA891Q,0.562272,0.46306899999999995,-0.09920300000000004
FA891V,0.574743,0.49028,-0.08446300000000001
FA891I,0.574743,0.527353,-0.04739000000000004
FA891S,0.583731,0.56629,-0.01744100000000004
FA891M,0.546037,0.467916,-0.078121
FA891R,0.546037,0.651122,0.10508499999999998
FA891T,0.583731,0.572697,-0.011033999999999988
FA891W,0.543668,0.529335,-0.01433300000000004
FA891C,0.583731,0.5702619999999999,-0.013469000000000064
FA891L,0.546037,0.480303,-0.06573400000000001
FA891H,0.546037,0.45919399999999994,-0.08684300000000006
FA891Y,0.546037,0.520624,-0.02541300000000002
FA891D,0.562272,0.25464899999999996,-0.30762300000000004
FA891E,0.562272,0.385141,-0.17713099999999998
FA891G,0.583731,0.511353,-0.07237800000000005
PA881Q,0.5091479999999999,0.5214340000000001,0.01228600000000013
PA881A,0.509126,0.52017,0.011044000000000054
PA881N,0.5091479999999999,0.5214340000000001,0.01228600000000013
PA881K,0.5091479999999999,0.5317149999999999,0.022567000000000004
PA881R,0.5091479999999999,0.5288729999999999,0.019724999999999993
PA881H,0.5091479999999999,0.5214340000000001,0.01228600000000013
PA881T,0.510672,0.5193399999999999,0.008667999999999898
PA881G,0.5091479999999999,0.520875,0.011727000000000043
PA881I,0.510672,0.5204439999999999,0.009771999999999892
PA881E,0.48798500000000006,0.385077,-0.10290800000000005
PA881L,0.5091479999999999,0.52017,0.011022000000000087
PA881F,0.5091479999999999,0.52017,0.011022000000000087
PA881C,0.509126,0.52017,0.011044000000000054
PA881D,0.5091479999999999,0.45422299999999993,-0.054925
PA881S,0.510672,0.5193399999999999,0.008667999999999898
PA881Y,0.5091479999999999,0.52017,0.011022000000000087
PA881V,0.5091479999999999,0.52017,0.011022000000000087
PA881W,0.5091479999999999,0.511283,0.002135000000000109
PA881M,0.510672,0.5193399999999999,0.008667999999999898
YA889L,0.484544,0.29738600000000004,-0.18715799999999994
YA889T,0.484544,0.283925,-0.200619
YA889F,0.5080520000000001,0.53651,0.028457999999999983
YA889P,0.484544,0.237986,-0.24655799999999997
YA889W,0.484544,0.28430900000000003,-0.20023499999999994
YA889R,0.484544,1.97659,1.4920460000000002
YA889G,0.484544,0.247719,-0.23682499999999998
YA889I,0.484544,0.272161,-0.212383
YA889C,0.484544,0.294663,-0.18988099999999997
YA889A,0.484544,0.24766,-0.23688399999999998
YA889K,0.484544,1.0495,0.5649560000000001
YA889V,0.484544,0.290459,-0.19408499999999995
YA889H,0.484544,0.288438,-0.19610599999999995
YA889M,0.484544,0.32259499999999997,-0.161949
YA889Q,0.484544,0.33818200000000004,-0.14636199999999994
YA889D,0.5056430000000001,-0.480699,-0.986342
YA889S,0.484544,0.221068,-0.263476
YA889E,0.5056430000000001,-0.63368,-1.139323
YA889N,0.484544,0.303139,-0.18140499999999998
KA903E,0.8337389999999999,0.557755,-0.2759839999999999
KA903M,0.833211,0.5632689999999999,-0.2699420000000001
KA903G,0.849891,0.668773,-0.181118
KA903L,0.833211,0.5300199999999999,-0.3031910000000001
KA903Y,0.511208,0.07430930000000001,-0.4368987
KA903N,0.833211,0.774165,-0.05904600000000004
KA903V,0.850504,0.45297200000000004,-0.397532
KA903S,0.850504,0.8185279999999999,-0.031976000000000115
KA903R,0.536136,0.88326,0.3471240000000001
KA903W,0.536136,0.44292,-0.09321599999999997
KA903I,0.838827,0.70705,-0.13177700000000003
KA903H,0.833211,0.784983,-0.04822800000000005
KA903F,0.850504,-0.0969956,-0.9474996
KA903Q,0.833211,0.47628000000000004,-0.356931
KA903C,0.850504,0.7174689999999999,-0.13303500000000013
KA903A,0.849891,0.6772729999999999,-0.17261800000000005
KA903T,0.833211,0.46973100000000007,-0.36347999999999997
KA903P,0.848165,0.887017,0.03885200000000011
KA903D,0.8375049999999999,0.9243629999999999,0.08685799999999999
YA689I,-0.18767,-0.208405,-0.020735000000000003
YA689W,-0.187696,-0.18051099999999998,0.007185000000000025
YA689E,-0.19863,-0.26961999999999997,-0.07098999999999997
YA689V,-0.187696,-0.191663,-0.003966999999999998
YA689Q,-0.19863,-0.184128,0.014502000000000015
YA689S,-0.19863,-0.184665,0.013965000000000005
YA689H,-0.187696,-0.191347,-0.0036509999999999876
YA689T,-0.19863,-0.184871,0.013758999999999993
YA689M,-0.19863,-0.184665,0.013965000000000005
YA689N,-0.19863,-0.184099,0.014530999999999988
YA689C,-0.19863,-0.184665,0.013965000000000005
YA689K,-0.187696,-0.153648,0.034047999999999995
YA689G,-0.19863,-0.184928,0.013701999999999992
YA689P,-0.19863,-0.18470799999999998,0.013922000000000018
YA689L,-0.187696,-0.190906,-0.0032099999999999906
YA689R,-0.187696,-0.0573148,0.1303812
YA689F,-0.193465,-0.194305,-0.0008400000000000074
YA689D,-0.19863,-0.25709099999999996,-0.05846099999999996
YA689A,-0.19863,-0.18443900000000002,0.014190999999999981
WA861G,0.5080520000000001,0.339597,-0.16845500000000008
WA861N,0.5080520000000001,0.49168100000000003,-0.016371000000000024
WA861H,0.5080520000000001,0.514011,0.005958999999999937
WA861V,0.5080520000000001,0.576923,0.0688709999999999
WA861M,0.5080520000000001,0.476829,-0.031223000000000056
WA861P,0.5080520000000001,0.490804,-0.01724800000000004
WA861E,0.5080520000000001,0.234921,-0.27313100000000007
WA861Y,0.5080520000000001,0.502147,-0.005905000000000049
WA861I,0.5080520000000001,0.578754,0.07070199999999993
WA861K,0.5080520000000001,0.58606,0.07800799999999997
WA861A,0.5080520000000001,0.46142299999999997,-0.04662900000000009
WA861C,0.5080520000000001,0.492584,-0.015468000000000037
WA861Q,0.5080520000000001,0.48963,-0.01842200000000005
WA861D,0.5080520000000001,0.18611,-0.32194200000000006
WA861F,0.5080520000000001,0.528521,0.02046899999999996
WA861R,0.5080520000000001,0.654473,0.1464209999999999
WA861T,0.5080520000000001,0.543112,0.03505999999999998
WA861L,0.5080520000000001,0.5622010000000001,0.054149
WA861S,0.5080520000000001,0.443986,-0.06406600000000007
RA878D,0.5080520000000001,0.134097,-0.37395500000000004
RA878N,0.5080520000000001,0.26817399999999997,-0.2398780000000001
RA878S,0.5080520000000001,0.26817399999999997,-0.2398780000000001
RA878F,0.5080520000000001,0.26817399999999997,-0.2398780000000001
RA878H,0.5080520000000001,0.26817399999999997,-0.2398780000000001
RA878A,0.5080520000000001,0.26817399999999997,-0.2398780000000001
RA878V,0.5080520000000001,0.265912,-0.24214000000000008
RA878W,0.5080520000000001,0.268196,-0.23985600000000007
RA878E,0.5080520000000001,0.213284,-0.29476800000000003
RA878C,0.5080520000000001,0.26817399999999997,-0.2398780000000001
RA878P,0.5080520000000001,0.262573,-0.24547900000000006
RA878T,0.5080520000000001,0.267083,-0.24096900000000004
RA878Q,0.5080520000000001,0.26817399999999997,-0.2398780000000001
RA878M,0.5080520000000001,0.26817399999999997,-0.2398780000000001
RA878K,0.5080520000000001,0.293032,-0.21502000000000004
RA878Y,0.5080520000000001,0.21563400000000002,-0.29241800000000007
RA878I,0.5080520000000001,0.268397,-0.23965500000000006
RA878G,0.5080520000000001,0.26817399999999997,-0.2398780000000001
RA878L,0.5080520000000001,0.26667399999999997,-0.2413780000000001
LA920P,0.511258,0.704531,0.19327300000000003
LA920T,0.511258,0.512329,0.0010710000000000441
LA920R,0.507776,0.653269,0.14549299999999998
LA920A,0.511258,0.506777,-0.004480999999999957
LA920E,0.511258,0.30564,-0.20561799999999997
LA920Y,0.523454,0.484195,-0.03925899999999999
LA920F,0.523454,0.482519,-0.040935
LA920Q,0.511258,0.519139,0.007881000000000027
LA920M,0.511258,0.524169,0.012911000000000006
LA920V,0.511258,0.534198,0.02293999999999996
LA920C,0.511258,0.479304,-0.03195399999999998
LA920K,0.511258,0.559633,0.04837500000000006
LA920I,0.511258,0.5813189999999999,0.07006099999999993
LA920G,0.50444,0.45012399999999997,-0.05431600000000003
LA920W,0.508551,0.5866279999999999,0.07807699999999995
LA920D,0.511258,0.200682,-0.31057599999999996
LA920H,0.508551,0.46730200000000005,-0.041248999999999925
LA920S,0.50444,0.469563,-0.03487699999999999
LA920N,0.511258,0.451862,-0.059396000000000004
IA990H,0.546037,0.52283,-0.023206999999999978
IA990M,0.546037,1.10386,0.5578230000000001
IA990F,0.543628,0.741818,0.19818999999999998
IA990L,0.5080520000000001,0.384892,-0.12316000000000005
IA990Y,0.543628,2.94801,2.404382
IA990D,0.5080520000000001,-0.416677,-0.9247290000000001
IA990V,0.5080520000000001,0.314709,-0.19334300000000004
IA990C,0.5080520000000001,0.215935,-0.29211700000000007
IA990R,0.50129,1.0447600000000001,0.5434700000000001
IA990A,0.5080520000000001,-0.009397399999999998,-0.5174494000000001
IA990N,0.5080520000000001,0.22839,-0.2796620000000001
IA990P,0.5080520000000001,0.12851700000000002,-0.37953500000000007
IA990K,0.546037,0.781945,0.235908
IA990Q,0.5080520000000001,0.536538,0.0284859999999999
IA990S,0.5080520000000001,0.0447028,-0.46334920000000007
IA990E,0.5080520000000001,-0.00434026,-0.51239226
IA990W,0.546037,1.7300200000000001,1.183983
IA990G,0.5080520000000001,-0.048301800000000006,-0.5563538000000001
IA990T,0.5080520000000001,0.11039600000000001,-0.39765600000000006
YA896K,0.5056430000000001,1.23738,0.7317369999999999
YA896S,0.5056430000000001,2.18063,1.6749869999999998
YA896R,0.5056430000000001,2.56118,2.0555369999999997
YA896N,0.5056430000000001,1.38216,0.876517
YA896D,0.5056430000000001,-0.146535,-0.652178
YA896A,0.5056430000000001,1.15834,0.6526969999999999
YA896F,0.5056430000000001,0.781224,0.27558099999999996
YA896H,0.5056430000000001,0.9946780000000001,0.489035
YA896L,0.5080520000000001,1.23892,0.730868
YA896V,0.5080520000000001,1.17314,0.665088
YA896Q,0.5056430000000001,1.7083700000000002,1.202727
YA896P,0.5056430000000001,0.559585,0.053941999999999934
YA896I,0.5056430000000001,1.06104,0.5553969999999999
YA896W,0.546037,0.967825,0.42178800000000005
YA896M,0.5080520000000001,0.46756499999999995,-0.040487000000000106
YA896C,0.5056430000000001,1.3605,0.854857
YA896E,0.5080520000000001,-0.548995,-1.057047
YA896T,0.5056430000000001,1.97996,1.4743169999999999
YA896G,0.5056430000000001,1.66388,1.158237
LA765H,0.50805,0.50805,0.0
LA765Y,0.50805,0.48096700000000003,-0.027082999999999968
LA765M,0.508078,0.508219,0.00014099999999994672
LA765C,0.5080520000000001,0.5080520000000001,0.0
LA765E,0.5080520000000001,0.39719699999999997,-0.11085500000000009
LA765P,0.508078,0.511111,0.0030329999999999524
LA765W,0.507672,0.508134,0.00046199999999996244
LA765F,0.50805,0.48096099999999997,-0.02708900000000003
LA765I,0.486496,0.475375,-0.011120999999999992
LA765S,0.5080520000000001,0.499118,-0.008934000000000053
LA765D,0.5080520000000001,0.39707800000000004,-0.11097400000000002
LA765N,0.5080520000000001,0.5080520000000001,0.0
LA765Q,0.5080520000000001,0.5080520000000001,0.0
LA765V,0.507599,0.497666,-0.009933000000000025
LA765K,0.5080520000000001,0.5473979999999999,0.03934599999999988
LA765R,0.50805,0.587734,0.07968399999999998
LA765A,0.5080520000000001,0.501326,-0.00672600000000001
LA765T,0.5080520000000001,0.5004109999999999,-0.00764100000000012
LA765G,0.5080520000000001,0.515483,0.007430999999999965
VA901N,0.509567,0.562224,0.052656999999999954
VA901S,0.509567,0.509567,0.0
VA901H,0.509567,0.574969,0.06540199999999996
VA901M,0.5080520000000001,0.5080520000000001,0.0
VA901E,0.509567,0.419893,-0.08967399999999998
VA901I,0.5080520000000001,0.5080520000000001,0.0
VA901G,0.509567,0.524508,0.014940999999999982
VA901F,0.509567,0.587717,0.07815000000000005
VA901C,0.5080520000000001,0.465722,-0.042330000000000034
VA901Y,0.509567,0.5815939999999999,0.07202699999999995
VA901A,0.509567,0.509567,0.0
VA901Q,0.509567,0.509567,0.0
VA901T,0.5080520000000001,0.5080520000000001,0.0
VA901W,0.509567,0.586429,0.07686199999999999
VA901L,0.509567,0.565701,0.05613400000000002
VA901P,0.509567,0.48712799999999995,-0.022439000000000042
VA901R,0.509567,0.563883,0.05431600000000003
VA901D,0.509567,0.365827,-0.14373999999999998
VA901K,0.509567,0.509567,0.0
IA895M,0.507713,0.506708,-0.0010049999999999226
IA895N,0.507713,0.522012,0.014299000000000062
IA895T,0.507713,0.509038,0.0013250000000000206
IA895S,0.507713,0.535435,0.027722000000000024
IA895A,0.507713,0.540518,0.032805000000000084
IA895Q,0.507713,0.48021499999999995,-0.027498000000000022
IA895P,0.5080060000000001,0.49295500000000003,-0.015051000000000037
IA895R,0.5382859999999999,1.94603,1.407744
IA895Y,0.538194,0.527985,-0.010208999999999913
IA895C,0.507713,0.517266,0.009553000000000034
IA895F,0.538194,0.521446,-0.016747999999999985
IA895H,0.538194,0.550433,0.012239
IA895W,0.508007,0.49688999999999994,-0.011117000000000044
IA895L,0.507713,0.56603,0.05831700000000006
IA895V,0.507713,0.515848,0.008135000000000003
IA895G,0.507713,0.522356,0.014643000000000073
IA895E,0.507713,-0.15567,-0.663383
IA895K,0.538194,1.01837,0.48017600000000005
IA895D,0.507713,-0.0884505,-0.5961635
HA826P,0.44657700000000006,0.452478,0.005900999999999934
HA826C,0.46007200000000004,0.44838999999999996,-0.011682000000000081
HA826I,0.44657700000000006,0.42443100000000006,-0.022146
HA826V,0.44657700000000006,0.435634,-0.010943000000000036
HA826N,0.463305,0.44932,-0.013985000000000025
HA826F,0.44657700000000006,0.47044899999999995,0.023871999999999893
HA826Y,0.49753000000000003,0.5268149999999999,0.029284999999999894
HA826R,0.49753000000000003,0.67923,0.18169999999999997
HA826T,0.456697,0.45136800000000005,-0.005328999999999973
HA826E,0.44657700000000006,0.685072,0.23849499999999996
HA826K,0.49753000000000003,0.576188,0.078658
HA826A,0.44657700000000006,0.463175,0.016597999999999946
HA826S,0.46683800000000003,0.467416,0.0005779999999999674
HA826G,0.44657700000000006,0.46667200000000003,0.020094999999999974
HA826D,0.45564799999999994,0.6514220000000001,0.19577400000000011
HA826Q,0.44657700000000006,0.437533,-0.009044000000000052
HA826M,0.44657700000000006,0.464847,0.018269999999999953
HA826W,0.49753000000000003,0.492012,-0.005518000000000023
HA826L,0.44657700000000006,0.43366499999999997,-0.01291200000000009
HA862V,0.50444,0.24285,-0.26159
HA862D,0.495783,-0.8900889999999999,-1.385872
HA862P,0.50444,-0.111872,-0.616312
HA862I,0.50444,0.548425,0.04398500000000005
HA862N,0.495783,0.18933599999999998,-0.306447
HA862C,0.495783,-0.109616,-0.605399
HA862G,0.495783,-0.241708,-0.737491
HA862M,0.5191640000000001,0.6592319999999999,0.14006799999999986
HA862K,0.495783,1.9193200000000001,1.423537
HA862S,0.495783,-0.18081,-0.676593
HA862F,0.495783,1.20517,0.7093870000000001
HA862R,0.495783,3.27169,2.775907
HA862A,0.495783,-0.0724536,-0.5682366
HA862Q,0.495783,0.728449,0.23266600000000004
HA862T,0.475779,0.0737114,-0.4020676
HA862E,0.495783,-0.388182,-0.883965
HA862Y,0.495783,1.2265,0.730717
HA862W,0.476171,1.71423,1.2380589999999998
HA862L,0.495783,1.12399,0.6282070000000001
NA906I,0.510646,0.8587540000000001,0.3481080000000001
NA906W,0.500214,0.72244,0.22222599999999992
NA906K,0.51039,1.02528,0.51489
NA906Y,0.508412,0.729065,0.220653
NA906Q,0.5080520000000001,0.8540540000000001,0.34600200000000003
NA906F,0.49260200000000004,0.779575,0.286973
NA906P,0.457079,0.746929,0.28984999999999994
NA906A,0.51039,0.5002939999999999,-0.010096000000000105
NA906D,0.5080520000000001,0.630838,0.12278599999999995
NA906G,0.51039,0.515314,0.0049240000000000395
NA906S,0.457079,0.20058499999999999,-0.256494
NA906V,0.45869,0.5181819999999999,0.059491999999999934
NA906M,0.492863,0.83995,0.347087
NA906R,0.49260200000000004,1.15441,0.661808
NA906T,0.457079,0.334034,-0.12304500000000002
NA906H,0.51039,0.753674,0.24328399999999994
NA906L,0.508412,0.8722780000000001,0.36386600000000013
NA906C,0.495709,0.750603,0.254894
NA906E,0.5080520000000001,0.437305,-0.07074700000000006
IA919P,0.5080520000000001,0.157453,-0.35059900000000005
IA919S,0.5080520000000001,0.204312,-0.30374000000000007
IA919Y,0.506529,0.298786,-0.207743
IA919M,0.5080520000000001,0.452279,-0.05577300000000007
IA919K,0.506529,1.24801,0.7414810000000001
IA919V,0.5080520000000001,0.389694,-0.11835800000000007
IA919R,0.506529,0.7755489999999999,0.2690199999999999
IA919F,0.506529,0.287423,-0.21910600000000002
IA919H,0.506529,0.348146,-0.158383
IA919W,0.506529,0.339451,-0.167078
IA919L,0.5080520000000001,0.711443,0.203391
IA919C,0.5080520000000001,0.167741,-0.34031100000000003
IA919N,0.5080520000000001,0.335395,-0.17265700000000006
IA919A,0.5080520000000001,0.21182600000000001,-0.29622600000000004
IA919T,0.5080520000000001,0.4363,-0.07175200000000004
IA919E,0.5080520000000001,0.49763500000000005,-0.01041700000000001
IA919Q,0.5080520000000001,1.0042200000000001,0.49616800000000005
IA919G,0.5080520000000001,0.177282,-0.33077000000000006
IA919D,0.5080520000000001,0.287179,-0.22087300000000004
IA872A,0.534409,0.513668,-0.02074100000000001
IA872H,0.528258,0.510588,-0.017669999999999964
IA872S,0.534409,0.513264,-0.02114499999999997
IA872F,0.5033350000000001,0.48589,-0.0174450000000001
IA872L,0.5343180000000001,0.514467,-0.019851000000000063
IA872Y,0.5033350000000001,0.484979,-0.018356000000000094
IA872V,0.528258,0.511342,-0.016916000000000042
IA872G,0.5343180000000001,0.51322,-0.02109800000000006
IA872D,0.5343180000000001,0.13803800000000002,-0.3962800000000001
IA872Q,0.528397,0.522068,-0.006329000000000029
IA872K,0.5343180000000001,0.9988739999999999,0.46455599999999986
IA872E,0.528397,0.402359,-0.12603799999999998
IA872P,0.528258,0.505627,-0.022630999999999957
IA872C,0.534409,0.515092,-0.01931700000000003
IA872N,0.528258,0.5220229999999999,-0.006235000000000102
IA872M,0.534409,0.588727,0.05431799999999998
IA872W,0.528397,0.30199299999999996,-0.22640400000000005
IA872T,0.534409,0.516273,-0.01813600000000004
IA872R,0.528167,1.41409,0.885923
NA987S,0.508243,0.54174,0.033497
NA987H,0.508243,0.5089020000000001,0.0006590000000000762
NA987A,0.508243,0.532242,0.023998999999999993
NA987D,0.508243,0.436521,-0.07172200000000001
NA987M,0.508243,0.508934,0.0006909999999999972
NA987F,0.508243,0.510095,0.0018519999999999648
NA987G,0.508243,0.490122,-0.018120999999999998
NA987W,0.508243,0.469898,-0.03834500000000002
NA987V,0.508243,0.543492,0.035248999999999975
NA987P,0.46359300000000003,0.472918,0.009324999999999972
NA987K,0.508243,0.5017739999999999,-0.006469000000000058
NA987C,0.508243,0.512887,0.0046439999999999815
NA987I,0.508243,0.5395909999999999,0.03134799999999993
NA987Y,0.508243,0.509758,0.001515000000000044
NA987Q,0.508243,0.545405,0.03716200000000003
NA987T,0.508243,0.509778,0.001534999999999953
NA987E,0.508243,0.478433,-0.029810000000000003
NA987L,0.508243,0.50343,-0.004812999999999956
NA987R,0.508243,0.497003,-0.011240000000000028
LA877I,0.508253,0.549661,0.041408
LA877R,0.50837,1.3481299999999998,0.8397599999999998
LA877E,0.491857,-0.0158542,-0.5077112
LA877H,0.508149,0.5479970000000001,0.039848000000000106
LA877C,0.491857,0.543809,0.051952
LA877T,0.491857,0.543607,0.05174999999999996
LA877A,0.491857,0.543809,0.051952
LA877D,0.49828999999999996,-0.13863,-0.6369199999999999
LA877P,0.491857,0.542254,0.050397000000000025
LA877V,0.491857,0.543417,0.05156000000000005
LA877F,0.508149,1.48749,0.979341
LA877M,0.5383220000000001,0.496342,-0.04198000000000007
LA877Q,0.5383220000000001,0.49778900000000004,-0.04053300000000004
LA877Y,0.508149,1.54027,1.032121
LA877S,0.491857,0.543809,0.051952
LA877N,0.49828999999999996,0.538467,0.040177000000000074
LA877G,0.491857,0.545315,0.053458000000000006
LA877K,0.491857,0.839109,0.347252
LA877W,0.5211680000000001,0.804769,0.2836009999999999
GA863W,0.506529,1.3586799999999999,0.8521509999999999
GA863T,0.506529,0.940792,0.43426299999999995
GA863F,0.506529,1.32221,0.8156810000000001
GA863N,0.506529,1.31883,0.8123009999999999
GA863P,0.5080520000000001,0.9658100000000001,0.457758
GA863R,0.506529,1.26969,0.763161
GA863A,0.5080520000000001,0.886242,0.3781899999999999
GA863K,0.506529,1.09914,0.592611
GA863E,0.506529,0.70395,0.19742099999999996
GA863H,0.506529,0.928685,0.422156
GA863Q,0.506529,0.849719,0.34319
GA863Y,0.506529,0.9253040000000001,0.4187750000000001
GA863L,0.506529,0.898799,0.39227
GA863I,0.506529,1.45626,0.9497310000000001
GA863D,0.506529,0.486379,-0.02015
GA863M,0.506529,0.9447989999999999,0.43826999999999994
GA863V,0.506529,1.13589,0.6293610000000001
GA863C,0.506529,0.850191,0.343662
GA863S,0.5080520000000001,0.716287,0.20823499999999995
CA908M,0.505963,0.553074,0.0471109999999999
CA908W,0.505963,0.598237,0.09227399999999997
CA908Y,0.505963,0.639921,0.1339579999999999
CA908S,0.505963,0.43470299999999995,-0.0712600000000001
CA908E,0.505963,0.6016050000000001,0.095642
CA908N,0.506529,0.510328,0.003798999999999997
CA908R,0.505963,0.5954689999999999,0.08950599999999986
CA908Q,0.506529,0.571457,0.06492799999999999
CA908K,0.505963,0.732557,0.22659399999999996
CA908G,0.505963,0.428809,-0.07715400000000006
CA908P,0.506529,0.552284,0.04575499999999999
CA908H,0.505963,0.586643,0.08067999999999997
CA908L,0.505963,0.59405,0.08808699999999992
CA908D,0.506529,0.345024,-0.161505
CA908A,0.506529,0.44192,-0.06460900000000003
CA908V,0.505963,0.49318199999999995,-0.012781000000000098
CA908T,0.505963,0.494802,-0.011161000000000032
CA908F,0.505963,0.618542,0.11257899999999998
CA908I,0.505963,0.528497,0.022533999999999943
KA893P,0.51195,0.409161,-0.10278900000000002
KA893A,0.51195,0.386034,-0.12591600000000003
KA893N,0.5056430000000001,0.414534,-0.09110900000000005
KA893I,0.51195,0.399609,-0.11234100000000002
KA893E,0.51195,0.254143,-0.257807
KA893F,0.51195,0.386034,-0.12591600000000003
KA893Q,0.5056430000000001,0.425443,-0.08020000000000005
KA893C,0.5056430000000001,0.425443,-0.08020000000000005
KA893D,0.51195,0.10696900000000001,-0.40498100000000004
KA893V,0.51195,0.41299300000000005,-0.09895699999999996
KA893T,0.51195,0.411894,-0.10005600000000003
KA893W,0.51195,0.386034,-0.12591600000000003
KA893S,0.51195,0.386034,-0.12591600000000003
KA893L,0.51195,0.425443,-0.086507
KA893H,0.51195,0.411728,-0.10022200000000003
KA893Y,0.51195,0.386034,-0.12591600000000003
KA893G,0.51195,0.397133,-0.114817
KA893M,0.51195,0.425443,-0.086507
KA893R,0.512029,0.549363,0.03733400000000009
EA988Q,0.827218,1.87916,1.051942
EA988G,0.85364,1.56495,0.7113100000000001
EA988N,0.463305,1.29745,0.8341449999999999
EA988H,0.463305,1.50611,1.042805
EA988R,0.463305,2.5976,2.134295
EA988Y,0.460196,1.49848,1.038284
EA988M,0.463305,1.1339700000000001,0.6706650000000001
EA988K,0.463305,2.0141299999999998,1.5508249999999997
EA988W,0.463305,1.2343600000000001,0.771055
EA988A,0.463305,1.09931,0.6360049999999999
EA988D,0.829031,1.0154299999999998,0.18639899999999987
EA988S,0.463305,1.51136,1.048055
EA988F,0.463305,1.51758,1.0542749999999999
EA988P,0.463305,1.09733,0.6340249999999998
EA988L,0.463305,1.14697,0.683665
EA988V,0.463305,0.9608620000000001,0.4975570000000001
EA988I,0.463305,1.07069,0.6073849999999998
EA988T,0.463305,1.31639,0.8530849999999999
EA988C,0.463305,1.24308,0.7797749999999999
AA884C,0.48695299999999997,0.47226899999999994,-0.01468400000000003
AA884T,0.484544,0.468817,-0.01572699999999999
AA884S,0.5080520000000001,0.5039,-0.0041520000000000445
AA884I,0.484087,0.45109,-0.032997
AA884F,0.48652399999999996,0.651836,0.16531200000000001
AA884Y,0.48411499999999996,0.644943,0.16082800000000008
AA884L,0.486496,0.42755699999999996,-0.05893900000000002
AA884M,0.484544,0.394163,-0.09038099999999999
AA884G,0.5056430000000001,0.518037,0.012393999999999905
AA884D,0.484544,-0.22614800000000002,-0.710692
AA884Q,0.48695299999999997,0.404393,-0.08255999999999997
AA884H,0.484544,0.440536,-0.04400799999999999
AA884P,0.509126,0.508128,-0.0009979999999999434
AA884R,0.484544,2.21234,1.727796
AA884W,0.48695299999999997,0.649098,0.16214499999999998
AA884V,0.485051,0.520217,0.03516600000000003
AA884E,0.484544,-0.549632,-1.034176
AA884K,0.48695299999999997,1.47404,0.987087
AA884N,0.48695299999999997,0.447905,-0.03904799999999997
VA991R,0.508412,0.765763,0.257351
VA991I,0.507687,0.514571,0.006884000000000001
VA991T,0.5080520000000001,0.520408,0.012355999999999923
VA991K,0.5080520000000001,0.638509,0.13045699999999993
VA991G,0.5080520000000001,0.5080520000000001,0.0
VA991A,0.5080520000000001,0.5080520000000001,0.0
VA991S,0.5080520000000001,0.5080520000000001,0.0
VA991P,0.5080520000000001,0.524313,0.01626099999999997
VA991F,0.5083979999999999,0.508119,-0.0002789999999999182
VA991N,0.5080520000000001,0.514111,0.0060589999999999256
VA991Q,0.49153100000000005,0.518158,0.026626999999999956
VA991M,0.508038,0.478782,-0.029256000000000004
VA991H,0.508412,0.5080520000000001,-0.00035999999999991594
VA991W,0.5083979999999999,0.5905819999999999,0.08218400000000003
VA991C,0.5080520000000001,0.5080520000000001,0.0
VA991E,0.508412,0.26561399999999996,-0.242798
VA991L,0.5080520000000001,0.5080520000000001,0.0
VA991Y,0.5083979999999999,0.490762,-0.01763599999999993
VA991D,0.5080520000000001,0.269122,-0.2389300000000001
YA989C,0.490763,0.277235,-0.213528
YA989D,0.490763,0.114854,-0.375909
YA989F,0.5080520000000001,0.458896,-0.04915600000000003
YA989M,0.5080520000000001,0.382009,-0.12604300000000007
YA989E,0.490763,0.218207,-0.272556
YA989L,0.490763,0.459185,-0.031577999999999995
YA989T,0.490763,0.363182,-0.127581
YA989A,0.5080520000000001,0.288881,-0.21917100000000006
YA989P,0.5080520000000001,0.681416,0.17336399999999996
YA989V,0.491123,0.37099499999999996,-0.12012800000000001
YA989G,0.5080520000000001,0.195003,-0.313049
YA989R,0.490763,0.526954,0.03619100000000003
YA989S,0.490763,0.27458499999999997,-0.21617800000000004
YA989I,0.489965,0.370582,-0.11938299999999996
YA989W,0.5080520000000001,0.572376,0.06432399999999994
YA989H,0.5080520000000001,0.437634,-0.07041800000000004
YA989N,0.490763,0.294821,-0.195942
YA989K,0.5080520000000001,0.501853,-0.006199000000000066
YA989Q,0.490763,0.355274,-0.13548900000000003
GA894K,0.5080520000000001,0.673912,0.1658599999999999
GA894T,0.5080520000000001,0.916378,0.40832599999999997
GA894H,0.5056430000000001,0.5498350000000001,0.04419200000000001
GA894N,0.5056430000000001,1.16885,0.6632069999999999
GA894W,0.5056430000000001,0.633778,0.1281349999999999
GA894C,0.5056430000000001,0.946644,0.441001
GA894S,0.5080520000000001,0.686239,0.17818699999999998
GA894D,0.5080520000000001,0.55906,0.05100799999999994
GA894P,0.5056430000000001,0.9760610000000001,0.470418
GA894R,0.5080520000000001,0.790287,0.2822349999999999
GA894L,0.5056430000000001,1.5774,1.0717569999999998
GA894Y,0.5056430000000001,0.645814,0.14017099999999993
GA894Q,0.5080520000000001,1.06492,0.556868
GA894F,0.5056430000000001,1.7495,1.243857
GA894I,0.5056430000000001,0.731708,0.22606499999999996
GA894E,0.5080520000000001,0.55475,0.046697999999999906
GA894A,0.5080520000000001,0.564282,0.05622999999999989
GA894V,0.5080520000000001,1.02813,0.5200779999999999
GA894M,0.5080520000000001,1.26911,0.7610579999999999
YA986M,0.46013699999999996,0.46586000000000005,0.005723000000000089
YA986W,0.46006899999999995,0.516491,0.05642200000000008
YA986F,0.5080520000000001,0.514637,0.006584999999999952
YA986N,0.5080520000000001,0.49520699999999995,-0.012845000000000106
YA986S,0.46013699999999996,0.50593,0.04579300000000003
YA986P,0.46013699999999996,0.445779,-0.014357999999999982
YA986L,0.46013699999999996,0.462959,0.0028220000000000467
YA986V,0.5056,0.501236,-0.0043640000000000345
YA986A,0.46013699999999996,0.438562,-0.021574999999999955
YA986G,0.46013699999999996,0.521274,0.06113700000000005
YA986Q,0.5080520000000001,0.492805,-0.015247000000000066
YA986C,0.46025900000000003,0.441165,-0.019094000000000055
YA986I,0.5056,0.5218470000000001,0.01624700000000001
YA986E,0.46006899999999995,0.604004,0.14393500000000004
YA986R,0.5080520000000001,0.745239,0.23718699999999993
YA986K,0.46013699999999996,0.613271,0.15313400000000005
YA986D,0.46006899999999995,0.282007,-0.17806199999999994
YA986H,0.5080520000000001,0.504287,-0.0037650000000000183
YA986T,0.46013699999999996,0.465829,0.00569200000000003
HA937P,0.5080520000000001,0.506724,-0.0013280000000001069
HA937I,0.5080520000000001,0.506724,-0.0013280000000001069
HA937G,0.5080520000000001,0.506724,-0.0013280000000001069
HA937A,0.5080520000000001,0.506724,-0.0013280000000001069
HA937L,0.5080520000000001,0.506724,-0.0013280000000001069
HA937E,0.5080520000000001,0.5073979999999999,-0.0006540000000001545
HA937R,0.5080520000000001,0.529412,0.021359999999999935
HA937Y,0.5080520000000001,0.5080520000000001,0.0
HA937Q,0.5080520000000001,0.506724,-0.0013280000000001069
HA937V,0.5080520000000001,0.506724,-0.0013280000000001069
HA937S,0.5080520000000001,0.506724,-0.0013280000000001069
HA937F,0.5080520000000001,0.5080520000000001,0.0
HA937W,0.5080520000000001,0.5080520000000001,0.0
HA937T,0.5080520000000001,0.506724,-0.0013280000000001069
HA937N,0.5080520000000001,0.5080520000000001,0.0
HA937K,0.5080520000000001,0.534389,0.026336999999999944
HA937C,0.5080520000000001,0.506724,-0.0013280000000001069
HA937M,0.5080520000000001,0.5080520000000001,0.0
HA937D,0.5080520000000001,0.455191,-0.05286100000000005
QA759R,0.5080520000000001,0.7052390000000001,0.197187
QA759L,0.5080520000000001,0.5080520000000001,0.0
QA759F,-0.187696,-0.15051199999999998,0.03718400000000002
QA759N,0.5080520000000001,0.5080520000000001,0.0
QA759A,0.5080520000000001,0.5080520000000001,0.0
QA759T,0.5080520000000001,0.5080520000000001,0.0
QA759G,0.5080520000000001,0.508199,0.0001469999999998972
QA759D,0.5080520000000001,0.3759,-0.13215200000000005
QA759C,0.5080520000000001,0.5080520000000001,0.0
QA759E,0.5080520000000001,0.310689,-0.19736300000000007
QA759H,-0.187696,-0.135693,0.052002999999999994
QA759P,0.5080520000000001,0.5080520000000001,0.0
QA759Y,-0.187696,-0.050350599999999995,0.1373454
QA759W,-0.187696,-0.00438985,0.18330615
QA759S,0.5080520000000001,0.5080520000000001,0.0
QA759I,0.5080520000000001,0.508536,0.00048399999999992893
QA759V,0.5080520000000001,0.508542,0.0004899999999999904
QA759M,0.5080520000000001,0.5080520000000001,0.0
QA759K,0.5080520000000001,0.647207,0.13915499999999992
NA868Y,0.46343900000000005,0.46872600000000003,0.005286999999999986
NA868M,0.458067,0.45221999999999996,-0.005847000000000047
NA868H,0.47973999999999994,0.508592,0.0288520000000001
NA868D,0.510308,0.5469,0.03659200000000007
NA868E,0.458067,0.305659,-0.152408
NA868P,0.510308,0.520504,0.010195999999999983
NA868I,0.47973999999999994,0.47217299999999995,-0.00756699999999999
NA868T,0.47973999999999994,0.466409,-0.013330999999999926
NA868V,0.47973999999999994,0.49141899999999994,0.011678999999999995
NA868L,0.47973999999999994,0.477696,-0.0020439999999999348
NA868K,0.463296,0.689645,0.22634899999999997
NA868R,0.47446800000000006,0.987015,0.5125469999999999
NA868G,0.47973999999999994,0.494568,0.014828000000000063
NA868Q,0.483181,0.48088500000000006,-0.0022959999999999647
NA868A,0.47973999999999994,0.489962,0.010222000000000064
NA868S,0.47973999999999994,0.471521,-0.00821899999999992
NA868C,0.510308,0.516212,0.00590400000000002
NA868W,-0.212299,-0.21930500000000003,-0.00700600000000004
NA868F,0.46343900000000005,0.460192,-0.0032470000000000554
DA899F,0.513832,0.657948,0.14411600000000002
DA899Q,0.508229,0.763004,0.254775
DA899K,0.44773199999999996,0.5350689999999999,0.08733699999999994
DA899L,0.44212700000000005,0.610685,0.16855799999999999
DA899A,0.508229,0.619884,0.11165499999999995
DA899P,0.508229,0.742397,0.23416799999999993
DA899E,0.5083,0.486125,-0.022175
DA899R,0.469459,0.545408,0.07594899999999999
DA899G,0.508229,0.614909,0.10668
DA899I,0.44195,0.709796,0.267846
DA899N,0.5080520000000001,0.6859149999999999,0.17786299999999988
DA899T,0.508229,0.663523,0.15529399999999993
DA899C,0.5080520000000001,0.671694,0.16364199999999995
DA899V,0.440903,0.605675,0.16477199999999997
DA899S,0.508229,0.627692,0.11946299999999999
DA899W,0.44784799999999997,0.580155,0.132307
DA899H,0.446683,0.6118680000000001,0.16518500000000008
DA899M,0.44212700000000005,0.5259149999999999,0.08378799999999986
DA899Y,0.511046,0.6766260000000001,0.16558000000000006
GA888R,0.5080520000000001,1.48917,0.981118
GA888E,0.48695299999999997,-0.0716437,-0.5585967
GA888D,0.5080520000000001,0.258404,-0.24964800000000004
GA888S,0.5080520000000001,0.5080520000000001,0.0
GA888A,0.5080520000000001,0.5080520000000001,0.0
GA888L,0.48695299999999997,0.487413,0.00046000000000001595
GA888Q,-0.183275,0.48745,0.670725
GA888C,0.5080520000000001,0.5080520000000001,0.0
GA888I,0.5080520000000001,0.508559,0.0005069999999999242
GA888H,-0.183275,0.488011,0.6712859999999999
GA888Y,-0.183275,0.732105,0.91538
GA888K,0.5080520000000001,0.799367,0.291315
GA888W,-0.187696,0.818257,1.005953
GA888M,-0.183275,0.486504,0.669779
GA888V,0.5080520000000001,0.508633,0.0005809999999999427
GA888T,0.5080520000000001,0.508633,0.0005809999999999427
GA888P,-0.187696,-0.186302,0.0013940000000000063
GA888N,0.5080520000000001,0.5083409999999999,0.0002889999999998727
GA888F,-0.187696,0.018238400000000002,0.20593440000000002
TA887E,0.5080520000000001,0.40684000000000003,-0.10121200000000002
TA887I,0.5080520000000001,0.5080520000000001,0.0
TA887Q,0.5080520000000001,0.5080520000000001,0.0
TA887L,0.5080520000000001,0.5080520000000001,0.0
TA887M,0.5080520000000001,0.5080520000000001,0.0
TA887N,0.5080520000000001,0.5080520000000001,0.0
TA887Y,0.5080520000000001,0.5080520000000001,0.0
TA887F,0.5080520000000001,0.5080520000000001,0.0
TA887S,0.5080520000000001,0.5080520000000001,0.0
TA887C,0.5080520000000001,0.5080520000000001,0.0
TA887A,0.5080520000000001,0.5080520000000001,0.0
TA887G,0.5080520000000001,0.5080520000000001,0.0
TA887H,0.5080520000000001,0.5080520000000001,0.0
TA887P,0.5056430000000001,0.508777,0.00313399999999997
TA887K,0.5080520000000001,0.5238119999999999,0.015759999999999885
TA887V,0.5080520000000001,0.5080520000000001,0.0
TA887R,0.5080520000000001,0.536217,0.028164999999999996
TA887D,0.5080520000000001,0.505654,-0.0023980000000000112
TA887W,0.5080520000000001,0.5080520000000001,0.0
SA864Y,0.49604,0.989812,0.49377200000000004
SA864T,0.483501,0.525467,0.041966
SA864E,0.469237,0.00865747,-0.46057953
SA864H,0.527347,0.511313,-0.016033999999999993
SA864K,0.477321,1.65898,1.1816589999999998
SA864W,0.5087470000000001,0.47252200000000005,-0.03622500000000001
SA864G,0.477321,0.41616400000000003,-0.06115699999999996
SA864R,0.459304,1.4113,0.9519960000000001
SA864C,0.48322,0.577203,0.09398300000000004
SA864I,0.469237,0.884863,0.41562599999999994
SA864D,0.477216,0.0933815,-0.38383449999999997
SA864P,0.49319799999999997,0.606426,0.11322800000000005
SA864L,0.497041,0.734627,0.23758600000000002
SA864N,0.483501,0.714627,0.231126
SA864F,0.497421,0.558338,0.060917
SA864A,0.48322,0.597195,0.11397500000000005
SA864V,0.477321,1.11301,0.6356890000000001
SA864Q,0.483501,0.722159,0.23865799999999998
SA864M,0.48322,0.766937,0.283717
VA948P,0.5080520000000001,0.541511,0.033458999999999905
VA948L,0.5080520000000001,0.5080520000000001,0.0
VA948A,0.5080520000000001,0.5080520000000001,0.0
VA948D,0.5080520000000001,0.42985,-0.07820200000000005
VA948Q,0.5080520000000001,0.5080520000000001,0.0
VA948S,0.5080520000000001,0.508007,-4.500000000007276e-05
VA948C,0.5080520000000001,0.5080520000000001,0.0
VA948E,0.5080520000000001,0.41501499999999997,-0.09303700000000009
VA948Y,0.5080520000000001,0.5080520000000001,0.0
VA948F,0.5080520000000001,0.5080520000000001,0.0
VA948M,0.5080520000000001,0.5080520000000001,0.0
VA948H,0.5080520000000001,0.5080520000000001,0.0
VA948W,0.5080520000000001,0.5080520000000001,0.0
VA948T,0.5080520000000001,0.5080520000000001,0.0
VA948I,0.5080520000000001,0.5080520000000001,0.0
VA948K,0.5080520000000001,0.552739,0.04468699999999992
VA948G,0.5080520000000001,0.5080520000000001,0.0
VA948R,0.5080520000000001,0.655694,0.14764199999999994
VA948N,0.5080520000000001,0.5080520000000001,0.0
MA900V,0.463265,0.547661,0.08439599999999997
MA900W,0.504977,0.5176430000000001,0.012666000000000066
MA900F,0.504977,0.482353,-0.022624000000000033
MA900C,0.508359,0.54151,0.03315100000000004
MA900L,0.509687,0.485098,-0.024589000000000028
MA900H,0.510138,0.48739899999999997,-0.02273900000000001
MA900A,0.508741,0.5145029999999999,0.005761999999999934
MA900P,0.463265,0.588046,0.12478099999999998
MA900Q,0.504977,0.515212,0.010234999999999994
MA900E,0.508359,0.405988,-0.10237099999999999
MA900T,0.463265,0.582928,0.11966300000000002
MA900K,0.508359,0.572715,0.06435599999999997
MA900G,0.46015600000000006,0.44073500000000004,-0.01942100000000002
MA900N,0.508359,0.489779,-0.018579999999999985
MA900S,0.508741,0.5128149999999999,0.004073999999999911
MA900R,0.508359,0.5445300000000001,0.036171000000000064
MA900I,0.46166999999999997,0.455776,-0.005893999999999955
MA900Y,0.504977,0.48653100000000005,-0.018445999999999962
MA900D,0.504977,0.361254,-0.143723
LA921N,0.5080520000000001,0.5080520000000001,0.0
LA921W,0.5080520000000001,0.532616,0.02456399999999992
LA921G,0.5080520000000001,0.506652,-0.0014000000000000679
LA921V,0.5080520000000001,0.5080520000000001,0.0
LA921D,0.5080520000000001,0.412211,-0.09584100000000007
LA921S,0.5080520000000001,0.5080520000000001,0.0
LA921C,0.5080520000000001,0.5080520000000001,0.0
LA921H,0.5080520000000001,0.5080520000000001,0.0
LA921F,0.5080520000000001,0.548033,0.03998099999999993
LA921E,0.5080520000000001,0.462722,-0.04533000000000004
LA921T,0.5080520000000001,0.5080520000000001,0.0
LA921R,0.5080520000000001,0.52913,0.02107799999999993
LA921A,0.5080520000000001,0.5080520000000001,0.0
LA921Q,0.5080520000000001,0.5080520000000001,0.0
LA921K,0.5080520000000001,0.5080520000000001,0.0
LA921M,0.5080520000000001,0.5080520000000001,0.0
LA921P,0.5080520000000001,0.507441,-0.0006110000000000282
LA921I,0.5080520000000001,0.5080520000000001,0.0
LA921Y,0.5080520000000001,0.511251,0.003198999999999952
IA879H,0.5056430000000001,0.5056430000000001,0.0
IA879V,0.5056430000000001,0.5056430000000001,0.0
IA879W,0.5080520000000001,0.509158,0.0011059999999999404
IA879T,0.5056430000000001,0.5056430000000001,0.0
IA879Q,0.5056430000000001,0.5056430000000001,0.0
IA879N,0.5056430000000001,0.5056430000000001,0.0
IA879D,0.5056430000000001,0.398436,-0.10720700000000005
IA879R,0.5080520000000001,0.578854,0.07080199999999992
IA879P,0.5056430000000001,0.5178,0.012156999999999973
IA879S,0.5056430000000001,0.5056430000000001,0.0
IA879M,0.5056430000000001,0.5056430000000001,0.0
IA879C,0.5056430000000001,0.5056430000000001,0.0
IA879E,0.5056430000000001,0.40526,-0.10038300000000006
IA879F,0.5056430000000001,0.5056430000000001,0.0
IA879A,0.5056430000000001,0.5056430000000001,0.0
IA879G,0.5056430000000001,0.5056430000000001,0.0
IA879Y,0.5056430000000001,0.5056430000000001,0.0
IA879K,0.5056430000000001,0.523882,0.018238999999999894
IA879L,0.5056430000000001,0.5056430000000001,0.0
SA902K,0.512691,0.47162,-0.041071000000000024
SA902H,0.512691,0.47176,-0.040930999999999995
SA902W,0.512691,0.474134,-0.03855700000000001
SA902E,0.512418,0.44608400000000004,-0.066334
SA902R,0.512418,0.47263,-0.039788000000000046
SA902T,0.50968,0.505999,-0.0036810000000000453
SA902Q,0.501384,0.47176999999999997,-0.029614000000000085
SA902C,0.496845,0.5019859999999999,0.005140999999999951
SA902N,0.512418,0.47004300000000004,-0.042374999999999996
SA902F,0.501384,0.475728,-0.025656000000000068
SA902M,0.512418,0.476929,-0.03548900000000005
SA902P,0.512418,0.524825,0.012406999999999946
SA902L,0.512418,0.461304,-0.05111400000000005
SA902I,0.501384,0.470412,-0.030972000000000055
SA902A,0.5080520000000001,0.494691,-0.013361000000000067
SA902D,0.512418,0.7217779999999999,0.20935999999999988
SA902G,0.512418,0.49457399999999996,-0.017844000000000082
SA902Y,0.5015069999999999,0.482418,-0.01908899999999991
SA902V,0.512418,0.49013199999999996,-0.022286000000000084
AA762M,0.48695299999999997,0.359535,-0.12741799999999998
AA762K,0.484544,1.5421,1.057556
AA762G,0.48695299999999997,0.510724,0.023770999999999987
AA762V,0.5080520000000001,0.491345,-0.016707000000000083
AA762N,0.484544,0.410078,-0.07446599999999998
AA762E,0.48695299999999997,-0.186196,-0.673149
AA762Y,0.484087,0.788385,0.304298
AA762D,0.48695299999999997,0.0117559,-0.4751971
AA762C,0.48695299999999997,0.46475500000000003,-0.02219799999999994
AA762H,0.48695299999999997,0.407904,-0.07904899999999998
AA762Q,-0.183275,-0.259806,-0.07653099999999999
AA762W,-0.183275,0.33165300000000003,0.514928
AA762P,0.5080520000000001,0.5151020000000001,0.007050000000000001
AA762T,0.5080520000000001,0.490142,-0.017910000000000037
AA762F,0.5080520000000001,0.8483780000000001,0.340326
AA762R,0.48695299999999997,1.9053099999999998,1.4183569999999999
AA762I,0.48695299999999997,0.43644700000000003,-0.05050599999999994
AA762L,0.48695299999999997,0.424174,-0.06277899999999997
AA762S,0.5080520000000001,0.506066,-0.0019860000000000433
SA904G,0.463305,0.028213299999999997,-0.4350917
SA904I,0.463322,1.20704,0.7437179999999999
SA904C,0.463305,2.48307,2.019765
SA904L,0.463322,7.36555,6.902228
SA904H,0.463305,5.0776900000000005,4.614385
SA904R,0.5079239999999999,1.1214600000000001,0.6135360000000002
SA904N,0.463305,3.8287699999999996,3.3654649999999995
SA904W,0.5079239999999999,0.743649,0.23572500000000007
SA904P,0.463311,0.923953,0.46064200000000005
SA904Y,0.5079239999999999,0.6893100000000001,0.18138600000000016
SA904F,0.463311,5.74852,5.285209
SA904Q,0.463311,1.09608,0.6327689999999999
SA904A,0.5080520000000001,0.49218900000000004,-0.015863000000000016
SA904D,0.463322,1.66124,1.197918
SA904M,0.463311,1.7886099999999998,1.3252989999999998
SA904V,0.463322,2.50522,2.0418979999999998
SA904K,0.5079239999999999,0.8906040000000001,0.38268000000000013
SA904E,0.463322,1.24567,0.782348
SA904T,0.463305,2.28757,1.824265
MA890S,0.5234880000000001,0.561222,0.037733999999999934
MA890Y,0.5234880000000001,0.573608,0.05011999999999994
MA890W,0.5145,0.5724279999999999,0.05792799999999998
MA890G,0.5234880000000001,0.549616,0.02612799999999993
MA890C,0.5234880000000001,0.561902,0.03841399999999995
MA890K,0.5234880000000001,0.661266,0.13777799999999996
MA890R,0.47886999999999996,0.72741,0.24854000000000004
MA890H,0.523489,0.5466479999999999,0.02315899999999993
MA890A,0.5234880000000001,0.569425,0.045936999999999895
MA890T,0.5234880000000001,0.571511,0.04802299999999993
MA890E,0.5145,0.113204,-0.401296
MA890Q,0.5234880000000001,0.8313010000000001,0.307813
MA890N,0.5234880000000001,0.545779,0.02229099999999995
MA890F,0.5145,0.532762,0.018262
MA890D,0.5145,0.22879899999999997,-0.285701
MA890I,0.5234880000000001,0.567804,0.04431599999999991
MA890P,0.5234880000000001,0.7713220000000001,0.247834
MA890V,0.5234880000000001,0.57407,0.050581999999999905
MA890L,0.5234880000000001,0.525216,0.0017279999999999518
FA897K,0.49153100000000005,0.8404940000000001,0.348963
FA897L,0.473699,0.505633,0.03193400000000002
FA897R,0.508915,1.01384,0.5049250000000001
FA897Y,0.491508,0.537289,0.045781000000000016
FA897N,0.473699,0.42148199999999997,-0.05221700000000001
FA897C,0.473699,0.48059300000000005,0.006894000000000067
FA897T,0.473699,0.500834,0.02713500000000002
FA897V,0.473699,0.572246,0.09854700000000005
FA897Q,0.49153100000000005,0.538271,0.046740000000000004
FA897S,0.473699,0.37095700000000004,-0.10274199999999994
FA897E,0.473699,-0.137607,-0.611306
FA897D,0.473699,-0.158162,-0.631861
FA897G,0.473699,-0.706892,-1.180591
FA897A,0.473699,0.41109300000000004,-0.06260599999999994
FA897P,0.473699,0.695655,0.22195600000000004
FA897W,0.519931,0.616624,0.09669299999999992
FA897H,0.49153100000000005,0.498237,0.006705999999999934
FA897M,0.49153100000000005,0.541716,0.050184999999999924
FA897I,0.473699,0.623819,0.15012000000000003
SA757H,0.5080520000000001,0.5080520000000001,0.0
SA757D,0.5080520000000001,0.494832,-0.013220000000000065
SA757F,0.494832,0.494832,0.0
SA757R,0.5080520000000001,0.531077,0.023024999999999962
SA757L,0.5080520000000001,0.5080520000000001,0.0
SA757I,0.5080520000000001,0.5080520000000001,0.0
SA757M,0.5080520000000001,0.5080520000000001,0.0
SA757T,0.5080520000000001,0.5080520000000001,0.0
SA757Y,0.5080520000000001,0.5080520000000001,0.0
SA757G,0.5080520000000001,0.5080520000000001,0.0
SA757W,0.494832,0.494832,0.0
SA757N,0.5080520000000001,0.5080520000000001,0.0
SA757V,0.5080520000000001,0.5080520000000001,0.0
SA757A,0.5080520000000001,0.5080520000000001,0.0
SA757P,0.5080520000000001,0.494832,-0.013220000000000065
SA757C,0.5080520000000001,0.5080520000000001,0.0
SA757E,0.5080520000000001,0.494832,-0.013220000000000065
SA757Q,0.5080520000000001,0.5080520000000001,0.0
SA757K,0.5080520000000001,0.5156930000000001,0.007641000000000009
GA950P,0.483446,0.820845,0.33739900000000006
GA950E,0.40906,0.46169,0.05263000000000001
GA950M,0.40968999999999994,0.513382,0.10369200000000006
GA950Q,0.40906,0.545489,0.13642900000000002
GA950R,0.40968999999999994,0.7761239999999999,0.366434
GA950A,0.483446,0.508162,0.024716000000000016
GA950T,0.5254340000000001,0.603402,0.07796799999999993
GA950L,0.43841,0.68807,0.24965999999999994
GA950V,0.483446,0.52557,0.042123999999999995
GA950C,0.483446,0.597905,0.11445900000000003
GA950Y,0.43841,0.500496,0.06208600000000003
GA950K,0.40968999999999994,1.06281,0.6531200000000001
GA950H,0.43841,0.48074700000000004,0.042337000000000014
GA950F,0.43841,0.506165,0.06775499999999995
GA950W,0.43841,0.521111,0.08270099999999997
GA950I,0.43841,0.6331859999999999,0.1947759999999999
GA950D,0.43841,0.729106,0.290696
GA950N,0.43841,0.644199,0.20578899999999994
GA950S,0.483446,0.546387,0.06294099999999997
AA760G,0.5080520000000001,0.5072810000000001,-0.0007709999999999662
AA760Y,0.5080520000000001,0.494729,-0.013323000000000085
AA760C,0.5080520000000001,0.507966,-8.60000000000305e-05
AA760W,0.5080520000000001,0.5081979999999999,0.00014599999999986846
AA760D,-0.187696,-0.315583,-0.127887
AA760L,-0.187696,-0.188134,-0.00043799999999999395
AA760E,0.5080520000000001,0.839873,0.3318209999999999
AA760K,-0.187696,-0.10429000000000001,0.083406
AA760H,-0.187696,-0.189274,-0.001577999999999996
AA760I,-0.187696,-0.18241300000000002,0.005282999999999982
AA760T,0.5080520000000001,0.507862,-0.00019000000000002348
AA760S,0.5080520000000001,0.507901,-0.00015100000000001224
AA760M,0.5080520000000001,0.510667,0.002614999999999923
AA760F,0.5080520000000001,0.514737,0.006684999999999941
AA760Q,-0.183275,0.777175,0.9604499999999999
AA760R,-0.183275,-0.12654,0.05673499999999998
AA760V,0.5080520000000001,0.507625,-0.0004270000000000662
AA760P,0.5080520000000001,0.507287,-0.0007650000000000157
AA760N,0.5080520000000001,0.508208,0.00015599999999993397
RA865M,0.5080520000000001,0.784309,0.276257
RA865K,0.5080520000000001,0.805401,0.297349
RA865P,0.5080520000000001,0.779283,0.2712309999999999
RA865S,0.5080520000000001,0.784365,0.2763129999999999
RA865A,0.5080520000000001,0.784309,0.276257
RA865C,0.5080520000000001,0.784308,0.27625599999999995
RA865L,-0.19863,0.10568599999999999,0.304316
RA865T,0.5080520000000001,0.784308,0.27625599999999995
RA865H,0.5080520000000001,0.771569,0.2635169999999999
RA865Q,-0.19863,0.09408680000000001,0.2927168
RA865I,-0.19863,0.09408680000000001,0.2927168
RA865E,0.5080520000000001,0.580641,0.0725889999999999
RA865F,0.5080520000000001,0.784308,0.27625599999999995
RA865G,0.5080520000000001,0.784309,0.276257
RA865N,0.5080520000000001,0.784308,0.27625599999999995
RA865D,0.5080520000000001,0.6081979999999999,0.10014599999999985
RA865W,-0.19863,0.0941892,0.2928192
RA865V,0.5080520000000001,0.784308,0.27625599999999995
RA865Y,0.5080520000000001,0.339604,-0.16844800000000004
PA885L,0.5080520000000001,0.508616,0.0005639999999998979
PA885F,0.48695299999999997,0.590957,0.10400399999999999
PA885W,0.48695299999999997,0.455829,-0.031123999999999985
PA885A,0.5080520000000001,0.508616,0.0005639999999998979
PA885R,0.48695299999999997,1.73925,1.252297
PA885D,0.484544,0.015009799999999998,-0.46953419999999996
PA885V,0.5080520000000001,0.508616,0.0005639999999998979
PA885M,0.5080520000000001,0.508616,0.0005639999999998979
PA885G,0.5056430000000001,0.506881,0.0012379999999999614
PA885S,0.5080520000000001,0.508616,0.0005639999999998979
PA885T,0.5080520000000001,0.508616,0.0005639999999998979
PA885H,0.5080520000000001,0.508616,0.0005639999999998979
PA885K,0.5080520000000001,1.13868,0.6306279999999999
PA885C,0.5080520000000001,0.508616,0.0005639999999998979
PA885Q,0.5080520000000001,0.508616,0.0005639999999998979
PA885N,0.5080520000000001,0.508616,0.0005639999999998979
PA885Y,0.48695299999999997,0.585792,0.09883900000000001
PA885E,0.5080520000000001,0.071982,-0.43607000000000007
PA885I,0.5080520000000001,0.508616,0.0005639999999998979
