Mutation,WT_energy,MUT_energy,DDG
RA273G,-9.31033,-8.682730000000001,0.6275999999999993
RA273C,-9.15997,-8.676110000000001,0.4838599999999982
RA273H,-9.34137,-8.28219,1.0591799999999996
RA273S,-9.31033,-8.67052,0.6398100000000007
RA273A,-9.31033,-8.66835,0.6419800000000002
RA273E,-9.31232,-8.445210000000001,0.8671099999999985
RA273N,-9.15997,-8.47214,0.6878299999999999
RA273L,-9.15997,-8.58031,0.5796599999999987
RA273T,-9.34137,-8.673589999999999,0.6677800000000005
RA273W,-9.34137,-8.21106,1.1303099999999997
RA273Y,-9.34137,-9.297,0.04436999999999891
RA273Q,-9.15997,-8.42377,0.7362000000000002
RA273V,-9.15997,-8.673119999999999,0.48685000000000045
RA273M,-9.15997,-8.491489999999999,0.6684800000000006
RA273P,-9.30275,-8.68693,0.6158199999999994
RA273K,-9.34137,-8.69265,0.6487199999999991
RA273D,-9.31232,-8.67175,0.6405700000000003
RA273F,-9.34137,-8.553189999999999,0.7881800000000005
RA273I,-9.34137,-8.67802,0.6633499999999994
AA276M,-8.37605,-9.71523,-1.3391800000000007
AA276T,-8.37605,-7.855589999999999,0.5204599999999999
AA276L,-8.37605,-9.05592,-0.6798700000000011
AA276E,-8.37571,-8.09361,0.2820999999999998
AA276N,-8.37605,-8.67478,-0.29873000000000083
AA276S,-8.37605,-8.25383,0.12221999999999866
AA276I,-8.37605,-9.67915,-1.3031000000000006
AA276C,-8.37605,-8.58191,-0.20586000000000126
AA276W,-8.37605,-6.5098400000000005,1.8662099999999988
AA276Y,-8.37605,-7.177639999999999,1.19841
AA276G,-8.37605,-7.379689999999999,0.9963600000000001
AA276F,-8.37605,-8.85646,-0.4804100000000009
AA276H,-8.37605,-9.53987,-1.1638200000000012
AA276R,-8.37605,-8.60161,-0.22556000000000154
AA276K,-8.37605,-8.98862,-0.6125699999999998
AA276P,-8.37605,-2.7022,5.67385
AA276D,-8.37571,-7.482639999999999,0.8930700000000007
AA276Q,-8.37605,-8.85843,-0.4823800000000009
AA276V,-8.37605,-9.6421,-1.26605
HA168I,-8.37605,-8.37605,0.0
HA168N,-8.37605,-8.37605,0.0
HA168G,-8.37605,-8.37605,0.0
HA168A,-8.37605,-8.37605,0.0
HA168M,-8.37605,-8.37605,0.0
HA168D,-8.37605,-8.38843,-0.01238000000000028
HA168E,-8.37605,-8.38562,-0.009570000000000078
HA168P,-8.37605,-8.37605,0.0
HA168K,-8.37605,-8.37231,0.0037399999999987443
HA168F,-8.37605,-8.37605,0.0
HA168Y,-8.37605,-8.37605,0.0
HA168L,-8.37605,-8.37605,0.0
HA168V,-8.37605,-8.37605,0.0
HA168C,-8.37605,-8.37605,0.0
HA168Q,-8.37605,-8.37605,0.0
HA168S,-8.37605,-8.37605,0.0
HA168T,-8.37605,-8.37605,0.0
HA168R,-8.37605,-8.36773,0.008319999999999439
HA168W,-8.37605,-8.37605,0.0
PA250G,-8.37605,-8.37443,0.0016199999999990666
PA250T,-8.37605,-8.38902,-0.012970000000001036
PA250I,-8.37605,-8.38895,-0.012900000000000134
PA250F,-8.419130000000001,-8.79224,-0.3731099999999987
PA250W,-8.37605,-8.425239999999999,-0.0491899999999994
PA250K,-8.37605,-8.3348,0.04124999999999979
PA250A,-8.37605,-8.37605,0.0
PA250S,-8.37605,-8.381210000000001,-0.00516000000000183
PA250M,-8.37605,-8.37605,0.0
PA250R,-8.37605,-8.26413,0.11191999999999958
PA250E,-8.37605,-8.437289999999999,-0.06123999999999974
PA250C,-8.37605,-8.37605,0.0
PA250L,-8.37605,-8.43858,-0.06253000000000064
PA250D,-8.37605,-8.53352,-0.15747
PA250V,-8.37605,-8.38857,-0.012520000000000309
PA250Y,-8.37605,-8.52823,-0.15218000000000131
PA250H,-8.37605,-8.436810000000001,-0.060760000000001924
PA250Q,-8.37605,-8.37605,0.0
PA250N,-8.37605,-8.37605,0.0
NA239Q,-8.37605,-6.605060000000001,1.7709899999999985
NA239M,-8.37605,-8.12798,0.24806999999999846
NA239C,-8.37605,-7.19194,1.1841099999999996
NA239G,-8.37605,-7.30008,1.075969999999999
NA239F,-8.37605,-7.61828,0.7577699999999989
NA239Y,-8.37605,-7.38627,0.9897799999999997
NA239W,-8.37605,-7.71612,0.6599299999999992
NA239R,-8.37605,-6.99645,1.379599999999999
NA239S,-8.37605,-7.66056,0.7154899999999991
NA239T,-8.37605,-7.7945899999999995,0.5814599999999999
NA239L,-8.37605,-7.749960000000001,0.6260899999999987
NA239I,-8.39353,-7.5354,0.8581300000000001
NA239P,-8.3849,-7.38515,0.9997499999999997
NA239A,-8.37605,-7.38705,0.988999999999999
NA239E,-8.37605,-6.395969999999999,1.98008
NA239D,-8.37605,-6.96047,1.4155799999999994
NA239H,-8.37605,-7.02102,1.3550299999999993
NA239K,-8.37605,-7.58731,0.7887399999999989
NA239V,-8.39353,-7.715910000000001,0.6776199999999992
VA122N,-8.37605,-8.37605,0.0
VA122G,-8.37605,-8.37605,0.0
VA122P,-8.37605,-8.37605,0.0
VA122D,-8.37605,-8.42268,-0.04663000000000039
VA122F,-8.37605,-8.37605,0.0
VA122S,-8.37605,-8.37605,0.0
VA122I,-8.37605,-8.37605,0.0
VA122T,-8.37605,-8.37605,0.0
VA122W,-8.37605,-8.37605,0.0
VA122C,-8.37605,-8.37605,0.0
VA122M,-8.37605,-8.37605,0.0
VA122A,-8.37605,-8.37605,0.0
VA122L,-8.37605,-8.37605,0.0
VA122Y,-8.37605,-8.37605,0.0
VA122Q,-8.37605,-8.37605,0.0
VA122E,-8.37605,-8.380469999999999,-0.0044199999999996464
VA122R,-8.37605,-8.38107,-0.0050200000000000244
VA122K,-8.37605,-8.37945,-0.003400000000000958
VA122H,-8.37605,-8.37605,0.0
KA139L,-8.07996,-8.10657,-0.0266099999999998
KA139M,-8.07996,-8.12117,-0.041209999999999525
KA139Q,-8.07996,-8.11616,-0.0362000000000009
KA139Y,-8.07996,-8.11377,-0.033810000000000784
KA139T,-8.07996,-8.11616,-0.0362000000000009
KA139E,-8.07996,-8.10657,-0.0266099999999998
KA139R,-8.07996,-8.08721,-0.007250000000000867
KA139S,-8.07996,-8.12117,-0.041209999999999525
KA139H,-8.07996,-8.12117,-0.041209999999999525
KA139F,-8.07996,-8.11377,-0.033810000000000784
KA139P,-8.07996,-8.105960000000001,-0.026000000000001577
KA139N,-8.07996,-8.10657,-0.0266099999999998
KA139W,-8.07996,-8.11616,-0.0362000000000009
KA139C,-8.07996,-8.11616,-0.0362000000000009
KA139D,-8.07996,-8.126510000000001,-0.046550000000001646
KA139I,-8.07996,-8.11616,-0.0362000000000009
KA139A,-8.07996,-8.10657,-0.0266099999999998
KA139G,-8.07996,-8.10657,-0.0266099999999998
KA139V,-8.07996,-8.11616,-0.0362000000000009
EA285Q,-9.27855,-9.13148,0.14706999999999937
EA285C,-9.27855,-9.13148,0.14706999999999937
EA285A,-9.17337,-9.01333,0.1600400000000004
EA285P,-9.47612,-9.13621,0.3399099999999997
EA285L,-9.27855,-9.13148,0.14706999999999937
EA285G,-9.47763,-9.13148,0.34614999999999974
EA285H,-9.27855,-9.12228,0.15626999999999924
EA285F,-9.47763,-9.13148,0.34614999999999974
EA285K,-9.276580000000001,-9.08869,0.18789000000000122
EA285S,-9.47763,-9.13148,0.34614999999999974
EA285D,-8.42675,-8.45758,-0.030829999999999913
EA285N,-9.47763,-9.12148,0.3561499999999995
EA285M,-9.27855,-9.13148,0.14706999999999937
EA285R,-9.475710000000001,-9.04473,0.4309800000000017
EA285W,-9.27855,-9.12648,0.15206999999999837
EA285V,-9.27855,-9.1398,0.13874999999999993
EA285Y,-9.47763,-9.13148,0.34614999999999974
EA285T,-9.47763,-9.13969,0.3379399999999997
EA285I,-8.40423,-8.36616,0.03806999999999938
RA248S,-8.37605,-7.717510000000001,0.6585399999999986
RA248N,-8.37605,-8.66355,-0.2875000000000014
RA248E,-9.15997,-8.497069999999999,0.6629000000000005
RA248G,-8.37605,-8.06984,0.3062100000000001
RA248C,-8.37605,-8.08126,0.294789999999999
RA248H,-8.37605,-8.692210000000001,-0.3161600000000018
RA248K,-8.37605,-8.27866,0.09738999999999898
RA248A,-8.37605,-7.7618100000000005,0.6142399999999988
RA248Y,-8.37605,-7.61791,0.7581399999999991
RA248I,-8.37605,-8.31439,0.061659999999999826
RA248T,-8.37605,-7.78712,0.5889299999999995
RA248P,-8.37605,-8.08578,0.2902699999999996
RA248F,-8.37605,-7.73108,0.6449699999999989
RA248D,-9.15997,-8.00951,1.150459999999999
RA248W,-8.37605,-8.02474,0.3513099999999998
RA248Q,-8.37605,-8.81667,-0.4406200000000009
RA248V,-8.37605,-7.8808,0.4952499999999995
RA248L,-8.37605,-7.440360000000001,0.9356899999999984
RA248M,-8.37605,-9.050360000000001,-0.674310000000002
FA134N,-9.25882,-9.22447,0.03434999999999988
FA134Y,-8.38274,-8.408999999999999,-0.02625999999999884
FA134C,-9.25882,-9.42835,-0.16952999999999996
FA134M,-8.38274,-8.42183,-0.03908999999999985
FA134A,-9.25882,-8.99822,0.26060000000000016
FA134R,-9.53295,-9.25088,0.28206999999999915
FA134Q,-8.42643,-8.77185,-0.3454200000000007
FA134E,-9.25882,-9.562339999999999,-0.3035199999999989
FA134K,-9.25882,-9.15254,0.10627999999999993
FA134I,-8.38336,-8.33653,0.04682999999999993
FA134P,-9.25882,-9.09413,0.16469000000000023
FA134S,-9.25882,-9.11468,0.14414000000000016
FA134W,-9.30371,-8.252419999999999,1.0512900000000016
FA134V,-9.25882,-9.1741,0.0847200000000008
FA134L,-9.25882,-9.30372,-0.04490000000000016
FA134G,-9.25882,-9.0759,0.1829199999999993
FA134T,-9.25882,-9.16901,0.08980999999999995
FA134H,-8.38274,-8.3735,0.009240000000000137
FA134D,-8.38299,-8.86775,-0.48475999999999964
TA284E,-8.37571,-8.522260000000001,-0.1465500000000013
TA284A,-8.37605,-8.32122,0.054829999999999046
TA284I,-8.37605,-8.417689999999999,-0.04163999999999923
TA284K,-8.37605,-8.400789999999999,-0.02473999999999954
TA284P,-8.37605,-8.39602,-0.01997000000000071
TA284M,-8.37605,-8.90784,-0.5317900000000009
TA284Y,-8.37605,-9.47303,-1.0969800000000003
TA284C,-8.37605,-8.39609,-0.020039999999999836
TA284R,-8.37605,-8.52473,-0.1486800000000006
TA284Q,-8.37605,-8.34657,0.029479999999999507
TA284V,-8.37605,-8.218539999999999,0.15751000000000026
TA284S,-8.37605,-8.32287,0.05317999999999934
TA284L,-8.37605,-8.5904,-0.21435000000000137
TA284W,-8.37605,-8.86828,-0.49223000000000106
TA284N,-8.37605,-8.25517,0.12087999999999965
TA284H,-8.37605,-8.3811,-0.005050000000000665
TA284D,-8.37571,-8.43505,-0.059340000000000614
TA284G,-8.37605,-8.30861,0.0674399999999995
TA284F,-8.37605,-8.7345,-0.35845000000000127
MA243I,-8.37605,-8.384139999999999,-0.008089999999999264
MA243H,-8.37605,-8.6006,-0.2245500000000007
MA243S,-8.37605,-8.43919,-0.06314000000000064
MA243W,-8.37605,-9.07276,-0.6967100000000013
MA243G,-8.37605,-8.502930000000001,-0.12688000000000166
MA243R,-8.37605,-8.50958,-0.13353000000000037
MA243D,-8.37605,-7.98037,0.3956799999999996
MA243C,-8.37605,-8.44255,-0.06650000000000134
MA243E,-8.37605,-8.483939999999999,-0.10788999999999938
MA243T,-8.37605,-8.40981,-0.0337600000000009
MA243P,-8.37605,-8.46606,-0.09001000000000126
MA243N,-8.37605,-8.5252,-0.14915000000000056
MA243K,-8.37605,-8.20425,0.1717999999999993
MA243V,-8.37605,-8.3512,0.02484999999999893
MA243Y,-8.37605,-8.51079,-0.13474000000000075
MA243Q,-8.37605,-8.78069,-0.40464000000000055
MA243L,-8.37605,-8.37376,0.002289999999998571
MA243F,-8.37605,-8.66051,-0.28446000000000105
MA243A,-8.37605,-8.41864,-0.04259000000000057
TA123H,-8.37605,-8.37605,0.0
TA123A,-8.37605,-8.37605,0.0
TA123L,-8.07996,-8.07996,0.0
TA123I,-8.37605,-8.37605,0.0
TA123C,-8.07996,-8.07996,0.0
TA123M,-8.37605,-8.37605,0.0
TA123G,-8.07996,-8.07996,0.0
TA123W,-8.37605,-8.37605,0.0
TA123S,-8.37605,-8.37605,0.0
TA123P,-8.07996,-8.07996,0.0
TA123E,-8.37605,-8.37435,0.0016999999999995907
TA123R,-8.07996,-8.07996,0.0
TA123Q,-8.37605,-8.37605,0.0
TA123Y,-8.37605,-8.37605,0.0
TA123N,-8.07996,-8.07996,0.0
TA123K,-8.37605,-8.37605,0.0
TA123F,-8.37605,-8.37605,0.0
TA123D,-8.07996,-8.08131,-0.0013500000000004064
TA123V,-8.37605,-8.37605,0.0
QA165R,-8.37605,-8.32364,0.05241000000000007
QA165Y,-8.37605,-8.37605,0.0
QA165N,-8.37605,-8.37605,0.0
QA165L,-8.37605,-8.37605,0.0
QA165E,-8.37605,-8.41793,-0.041880000000000805
QA165P,-8.37605,-8.37605,0.0
QA165F,-8.37605,-8.37605,0.0
QA165M,-8.37605,-8.37605,0.0
QA165C,-8.37605,-8.37605,0.0
QA165V,-8.37605,-8.37605,0.0
QA165D,-8.37605,-8.3996,-0.023550000000000182
QA165K,-8.37605,-8.34999,0.026059999999999306
QA165W,-8.37605,-8.37605,0.0
QA165A,-8.37605,-8.37605,0.0
QA165H,-8.37605,-8.37605,0.0
QA165S,-8.37605,-8.37605,0.0
QA165I,-8.37605,-8.37605,0.0
QA165T,-8.37605,-8.37605,0.0
QA165G,-8.37605,-8.37605,0.0
MA246N,-8.365219999999999,-8.36529,-7.000000000090267e-05
MA246R,-8.365219999999999,-8.200619999999999,0.16460000000000008
MA246H,-8.365219999999999,-8.3654,-0.00018000000000029104
MA246Y,-8.37417,-8.37394,0.0002300000000001745
MA246L,-8.365219999999999,-8.377360000000001,-0.01214000000000226
MA246K,-8.365219999999999,-8.32591,0.039309999999998624
MA246I,-8.365219999999999,-8.3654,-0.00018000000000029104
MA246F,-8.37417,-8.37406,0.00010999999999938836
MA246E,-8.365219999999999,-8.39783,-0.032610000000001804
MA246S,-8.365219999999999,-8.37726,-0.012040000000000717
MA246P,-8.365219999999999,-8.35978,0.005439999999998335
MA246G,-8.365219999999999,-8.37726,-0.012040000000000717
MA246T,-8.365219999999999,-8.37834,-0.013120000000000687
MA246D,-8.365219999999999,-8.419939999999999,-0.05471999999999966
MA246Q,-8.365219999999999,-8.35777,0.007449999999998624
MA246C,-8.365219999999999,-8.37726,-0.012040000000000717
MA246V,-8.365219999999999,-8.3654,-0.00018000000000029104
MA246A,-8.365219999999999,-8.37726,-0.012040000000000717
MA246W,-8.37417,-8.35994,0.01422999999999952
EA271Q,-8.37605,-8.308689999999999,0.06736000000000075
EA271I,-9.248339999999999,-9.19637,0.05196999999999896
EA271H,-8.37605,-8.31365,0.06239999999999846
EA271R,-8.37605,-8.280510000000001,0.09553999999999796
EA271S,-9.248339999999999,-9.21455,0.033789999999999765
EA271Y,-8.37605,-8.30693,0.06911999999999985
EA271L,-8.37605,-8.3442,0.0318499999999986
EA271T,-8.37605,-8.30275,0.0732999999999997
EA271A,-9.248339999999999,-9.18758,0.06075999999999837
EA271P,-8.37605,-8.31039,0.06565999999999939
EA271C,-8.37605,-8.3054,0.07064999999999877
EA271W,-8.37605,-8.30662,0.06942999999999877
EA271K,-8.37605,-8.29482,0.08122999999999969
EA271M,-8.37605,-8.3157,0.06034999999999968
EA271F,-8.37605,-8.30684,0.06921
EA271D,-8.37605,-8.37462,0.0014299999999991542
EA271G,-8.37605,-8.3155,0.060549999999999216
EA271N,-8.37605,-8.31414,0.06190999999999924
EA271V,-8.37605,-8.3084,0.06764999999999866
CA238H,-8.37605,-8.37605,0.0
CA238T,-8.36532,-8.36656,-0.0012399999999992417
CA238M,-8.365219999999999,-8.3718,-0.0065800000000013625
CA238P,-8.37605,-8.37307,0.0029799999999990945
CA238S,-8.37605,-8.37605,0.0
CA238N,-8.37605,-8.37605,0.0
CA238V,-8.365219999999999,-8.36485,0.00036999999999842714
CA238Q,-8.365219999999999,-8.35287,0.012349999999999639
CA238A,-8.37605,-8.38057,-0.00452000000000119
CA238D,-8.37605,-8.39725,-0.02120000000000033
CA238K,-8.365219999999999,-8.348189999999999,0.0170300000000001
CA238L,-8.37605,-8.37605,0.0
CA238E,-8.37605,-8.3769,-0.0008499999999997954
CA238R,-8.36532,-8.317910000000001,0.047409999999999286
CA238Y,-8.37605,-8.37322,0.002829999999999444
CA238G,-8.37605,-8.38499,-0.008940000000000836
CA238F,-8.365219999999999,-8.35593,0.009289999999998244
CA238W,-8.365219999999999,-8.35268,0.012539999999999552
CA238I,-8.365219999999999,-8.35645,0.00876999999999839
KA291H,-8.419130000000001,-8.4548,-0.035669999999999646
KA291E,-8.419130000000001,-8.501669999999999,-0.08253999999999806
KA291N,-8.419130000000001,-8.44266,-0.023529999999999163
KA291T,-8.419130000000001,-8.43871,-0.019579999999999487
KA291F,-8.419130000000001,-8.49272,-0.07358999999999938
KA291G,-8.419130000000001,-8.509730000000001,-0.09060000000000024
KA291W,-8.419130000000001,-8.43871,-0.019579999999999487
KA291M,-8.419130000000001,-8.43871,-0.019579999999999487
KA291A,-8.419130000000001,-8.509730000000001,-0.09060000000000024
KA291Y,-8.419130000000001,-8.47909,-0.05995999999999846
KA291C,-8.419130000000001,-8.44174,-0.022609999999998465
KA291I,-8.419130000000001,-8.43871,-0.019579999999999487
KA291S,-8.419130000000001,-8.509730000000001,-0.09060000000000024
KA291D,-8.419130000000001,-8.5108,-0.09166999999999881
KA291L,-8.419130000000001,-8.43871,-0.019579999999999487
KA291R,-8.37605,-8.35188,0.024169999999999803
KA291P,-8.419130000000001,-8.43871,-0.019579999999999487
KA291Q,-8.419130000000001,-8.43871,-0.019579999999999487
KA291V,-8.419130000000001,-8.43871,-0.019579999999999487
GA279L,-8.37605,-8.375760000000001,0.00028999999999790305
GA279C,-8.37605,-8.4046,-0.028550000000000963
GA279R,-8.37605,-8.022839999999999,0.3532100000000007
GA279S,-8.37605,-8.38667,-0.010620000000001184
GA279T,-8.37605,-8.40097,-0.02491999999999983
GA279Y,-8.37605,-7.84098,0.5350699999999993
GA279K,-8.37605,-8.17101,0.20503999999999856
GA279N,-8.37605,-8.38667,-0.010620000000001184
GA279F,-8.37605,-7.5446,0.8314499999999994
GA279M,-8.37605,-7.713480000000001,0.6625699999999988
GA279P,-8.37832,-8.3822,-0.0038799999999987733
GA279D,-8.37605,-8.953489999999999,-0.5774399999999993
GA279I,-8.37605,-8.39991,-0.02386000000000088
GA279A,-8.37605,-8.39227,-0.016220000000000567
GA279H,-8.37605,-8.19401,0.18203999999999887
GA279Q,-8.37605,-7.71627,0.6597799999999996
GA279V,-8.37605,-7.56045,0.815599999999999
GA279W,-8.37605,-7.296310000000001,1.0797399999999984
GA279E,-8.37605,-8.03321,0.3428399999999989
QA136H,-8.07996,-8.13894,-0.05898000000000003
QA136M,-8.07996,-8.11955,-0.03959000000000046
QA136T,-8.07996,-8.060960000000001,0.01899999999999835
QA136I,-8.07996,-8.14175,-0.061790000000000234
QA136W,-8.07996,-7.87736,0.20259999999999945
QA136S,-8.07996,-8.06584,0.014120000000000132
QA136A,-8.07996,-8.058539999999999,0.021420000000000883
QA136V,-8.07996,-8.128210000000001,-0.048250000000001236
QA136N,-8.07996,-8.42763,-0.3476700000000008
QA136D,-8.07996,-8.17944,-0.09947999999999979
QA136L,-8.07996,-8.09885,-0.01889000000000074
QA136Y,-8.07996,-7.767760000000001,0.3121999999999989
QA136C,-8.07996,-8.36706,-0.2871000000000006
QA136P,-8.08132,-8.097560000000001,-0.016240000000001586
QA136K,-8.07996,-8.33437,-0.25441
QA136R,-8.08073,-8.28876,-0.20802999999999905
QA136G,-8.07996,-8.00329,0.07667000000000002
QA136E,-8.07965,-8.22415,-0.14449999999999896
QA136F,-8.07996,-7.8883,0.19165999999999972
KA120G,-8.37605,-7.2324,1.1436499999999992
KA120V,-8.37605,-7.34589,1.0301599999999995
KA120L,-8.37605,-7.58892,0.7871299999999994
KA120W,-8.37605,-7.33743,1.038619999999999
KA120E,-8.37605,-7.5328800000000005,0.8431699999999989
KA120P,-8.37605,-7.267580000000001,1.1084699999999987
KA120Q,-8.37605,-7.6965,0.679549999999999
KA120M,-8.37605,-7.84368,0.5323699999999993
KA120T,-8.37605,-7.282439999999999,1.09361
KA120A,-8.37605,-7.26382,1.1122299999999994
KA120R,-8.37605,-7.41839,0.9576599999999997
KA120D,-8.37605,-7.420910000000001,0.9551399999999983
KA120I,-8.37605,-7.372789999999999,1.00326
KA120C,-8.37605,-7.32343,1.0526199999999992
KA120S,-8.37605,-7.24308,1.1329699999999994
KA120H,-8.37605,-7.31455,1.0614999999999997
KA120N,-8.37605,-7.279889999999999,1.0961600000000002
KA120Y,-8.37605,-8.5766,-0.20054999999999978
KA120F,-8.37605,-7.70097,0.6750799999999995
CA124N,-8.37605,-8.37605,0.0
CA124V,-8.37605,-8.37605,0.0
CA124R,-8.37605,-8.36939,0.00666000000000011
CA124K,-8.37605,-8.37605,0.0
CA124M,-8.37605,-8.37605,0.0
CA124Y,-8.37605,-8.37605,0.0
CA124I,-8.37605,-8.37605,0.0
CA124D,-8.37605,-8.38343,-0.007380000000001274
CA124G,-8.37605,-8.37605,0.0
CA124W,-8.37605,-8.37605,0.0
CA124F,-8.37605,-8.37605,0.0
CA124L,-8.37605,-8.37605,0.0
CA124T,-8.37605,-8.37605,0.0
CA124P,-8.37605,-8.37605,0.0
CA124H,-8.37605,-8.3722,0.003849999999999909
CA124Q,-8.37605,-8.37605,0.0
CA124S,-8.37605,-8.37605,0.0
CA124E,-8.37605,-8.37871,-0.002660000000000551
CA124A,-8.37605,-8.37605,0.0
CA275W,-9.12764,-7.150810000000001,1.9768299999999988
CA275P,-9.25382,-9.383280000000001,-0.12946000000000168
CA275S,-8.396180000000001,-8.28328,0.11290000000000155
CA275E,-9.25382,-8.880560000000001,0.37325999999999837
CA275R,-9.2546,-7.40908,1.8455199999999996
CA275H,-9.26418,-9.84367,-0.5794899999999998
CA275M,-9.25382,-9.227,0.026819999999998956
CA275K,-9.2546,-6.4141900000000005,2.8404099999999994
CA275Q,-9.25382,-9.44091,-0.1870900000000013
CA275T,-8.396180000000001,-6.815060000000001,1.5811200000000003
CA275D,-9.25382,-10.1297,-0.8758800000000004
CA275N,-9.25382,-9.518369999999999,-0.26454999999999984
CA275F,-9.25382,-9.46458,-0.2107600000000005
CA275A,-8.39585,-8.41874,-0.0228900000000003
CA275G,-8.39585,-8.172360000000001,0.2234899999999982
CA275I,-9.25382,-9.78974,-0.5359200000000008
CA275L,-9.25382,-8.93781,0.31600999999999857
CA275V,-9.25382,-9.68732,-0.43350000000000044
CA275Y,-9.25382,-7.08108,2.1727399999999992
DA281Y,-9.27465,-6.22274,3.0519099999999995
DA281S,-9.27465,-7.86619,1.4084599999999998
DA281I,-9.27465,-7.48535,1.789299999999999
DA281V,-9.27465,-7.867089999999999,1.4075600000000001
DA281R,-9.281830000000001,-7.89381,1.388020000000001
DA281N,-8.37571,-7.496510000000001,0.8791999999999991
DA281K,-9.32671,-7.17453,2.1521800000000004
DA281E,-9.27465,-10.3977,-1.123050000000001
DA281G,-9.281830000000001,-7.804760000000001,1.4770700000000003
DA281Q,-9.281830000000001,-7.90769,1.3741400000000015
DA281H,-9.220889999999999,-9.4336,-0.2127100000000013
DA281W,-9.281830000000001,-7.85047,1.4313600000000015
DA281M,-9.214780000000001,-9.207230000000001,0.007550000000000168
DA281P,-9.27586,-7.642739999999999,1.6331200000000008
DA281T,-9.27465,-7.9777,1.2969499999999998
DA281C,-9.27586,-8.00721,1.2686499999999992
DA281A,-9.281830000000001,-7.83011,1.4517200000000008
DA281L,-9.27465,-8.66329,0.6113599999999995
DA281F,-9.31954,-8.9868,0.33273999999999937
SA121I,-8.37605,-8.37605,0.0
SA121Y,-8.37605,-8.326410000000001,0.04963999999999835
SA121N,-8.37605,-8.37605,0.0
SA121D,-8.37605,-8.43483,-0.0587800000000005
SA121T,-8.37605,-8.37605,0.0
SA121F,-8.37605,-8.33164,0.04440999999999917
SA121C,-8.37605,-8.37605,0.0
SA121Q,-8.37605,-8.37605,0.0
SA121V,-8.37605,-8.37605,0.0
SA121A,-8.37605,-8.37605,0.0
SA121P,-8.37605,-8.38725,-0.011200000000000543
SA121L,-8.37605,-8.37605,0.0
SA121R,-8.37605,-8.36513,0.010919999999998709
SA121G,-8.37605,-8.37605,0.0
SA121H,-8.37605,-8.38725,-0.011200000000000543
SA121W,-8.37605,-8.25752,0.1185299999999998
SA121M,-8.37605,-8.38725,-0.011200000000000543
SA121E,-8.37605,-8.41635,-0.040300000000000225
SA121K,-8.37605,-8.36256,0.013489999999999114
VA274P,-9.248339999999999,-9.20148,0.04685999999999879
VA274K,-9.23725,-9.1385,0.098749999999999
VA274S,-8.37605,-8.36202,0.014029999999999987
VA274Y,-8.365089999999999,-8.31817,0.046919999999998296
VA274G,-8.37605,-8.343869999999999,0.03218000000000032
VA274C,-8.37605,-8.36122,0.014829999999999899
VA274T,-8.37605,-8.36277,0.013279999999999959
VA274H,-8.3758,-8.35288,0.022919999999999163
VA274I,-8.37605,-8.36721,0.008839999999999293
VA274W,-8.364930000000001,-8.34487,0.020060000000000855
VA274N,-8.37605,-8.3556,0.020449999999998525
VA274A,-8.37605,-8.369060000000001,0.006989999999998275
VA274F,-8.37595,-8.34101,0.03493999999999886
VA274L,-8.37605,-8.3156,0.06044999999999945
VA274E,-9.248339999999999,-9.280560000000001,-0.03222000000000236
VA274M,-9.248,-9.13241,0.1155899999999992
VA274Q,-9.248339999999999,-9.216660000000001,0.03167999999999793
VA274D,-8.37605,-8.4244,-0.048350000000001
VA274R,-9.159839999999999,-9.05038,0.10945999999999856
TA118Y,-8.37605,-8.43131,-0.05526000000000053
TA118K,-8.37605,-8.36862,0.0074299999999993815
TA118I,-8.37605,-8.3659,0.010149999999999437
TA118P,-8.37605,-8.370330000000001,0.005719999999998393
TA118G,-8.37605,-8.36683,0.009219999999999118
TA118V,-8.37605,-8.370330000000001,0.005719999999998393
TA118S,-8.37605,-8.37605,0.0
TA118H,-8.37605,-8.36674,0.009309999999999263
TA118Q,-8.37605,-8.35318,0.02286999999999928
TA118M,-8.37605,-8.36961,0.006439999999999557
TA118R,-8.37605,-8.43256,-0.05651000000000117
TA118N,-8.37605,-8.43447,-0.058419999999999916
TA118C,-8.37605,-8.370330000000001,0.005719999999998393
TA118D,-8.37605,-8.40588,-0.029830000000000467
TA118A,-8.37605,-8.36961,0.006439999999999557
TA118L,-8.37605,-8.36961,0.006439999999999557
TA118E,-8.37605,-8.37698,-0.0009300000000003195
TA118F,-8.37605,-8.37735,-0.001300000000000523
TA118W,-8.37605,-8.24362,0.13242999999999938
EA287Q,-8.37605,-8.3757,0.0003499999999991843
EA287Y,-8.37605,-8.3757,0.0003499999999991843
EA287P,-8.37605,-8.3757,0.0003499999999991843
EA287V,-8.37605,-8.3757,0.0003499999999991843
EA287S,-8.37605,-8.3757,0.0003499999999991843
EA287W,-8.37605,-8.3757,0.0003499999999991843
EA287D,-8.37605,-8.40425,-0.028200000000000003
EA287N,-8.37605,-8.3757,0.0003499999999991843
EA287R,-8.37605,-8.376539999999999,-0.0004899999999992133
EA287F,-8.37605,-8.3757,0.0003499999999991843
EA287T,-8.37605,-8.3757,0.0003499999999991843
EA287M,-8.37605,-8.3757,0.0003499999999991843
EA287L,-8.37605,-8.3757,0.0003499999999991843
EA287G,-8.37605,-8.3757,0.0003499999999991843
EA287A,-8.37605,-8.3757,0.0003499999999991843
EA287I,-8.37605,-8.3757,0.0003499999999991843
EA287C,-8.37605,-8.3757,0.0003499999999991843
EA287H,-8.37605,-8.3757,0.0003499999999991843
EA287K,-8.37605,-8.37659,-0.0005400000000008731
RA282C,-8.37605,-8.391810000000001,-0.015760000000001995
RA282G,-8.37605,-8.391810000000001,-0.015760000000001995
RA282Q,-8.37605,-8.40681,-0.030760000000000787
RA282H,-9.07813,-8.36578,0.7123499999999989
RA282V,-8.37605,-8.391810000000001,-0.015760000000001995
RA282A,-8.37605,-8.391810000000001,-0.015760000000001995
RA282N,-8.37605,-8.391810000000001,-0.015760000000001995
RA282P,-8.38274,-8.40905,-0.0263100000000005
RA282T,-8.38274,-8.45144,-0.06869999999999976
RA282K,-8.37605,-8.38181,-0.0057600000000004314
RA282E,-8.37571,-8.60127,-0.22555999999999976
RA282W,-8.38274,-8.45828,-0.07554000000000016
RA282I,-8.37605,-8.391810000000001,-0.015760000000001995
RA282L,-8.37605,-8.391810000000001,-0.015760000000001995
RA282S,-8.37605,-8.391810000000001,-0.015760000000001995
RA282D,-8.38238,-8.68539,-0.30301000000000045
RA282F,-8.37605,-8.382589999999999,-0.006539999999999324
RA282M,-8.37605,-8.3965,-0.0204500000000003
RA282Y,-8.37605,-8.33403,0.04201999999999906
GA117N,-8.37605,-8.37605,0.0
GA117T,-8.37605,-8.37605,0.0
GA117K,-8.37605,-8.38136,-0.00531000000000148
GA117R,-8.37605,-8.383560000000001,-0.007510000000001682
GA117H,-8.37605,-8.37605,0.0
GA117A,-8.37605,-8.37605,0.0
GA117V,-8.37605,-8.37605,0.0
GA117W,-8.37605,-8.37605,0.0
GA117D,-8.37605,-8.36912,0.0069299999999987705
GA117I,-8.37605,-8.37605,0.0
GA117F,-8.37605,-8.37605,0.0
GA117C,-8.37605,-8.37605,0.0
GA117L,-8.37605,-8.37605,0.0
GA117E,-8.37605,-8.36817,0.00788000000000011
GA117Q,-8.37605,-8.37605,0.0
GA117P,-8.37605,-8.37605,0.0
GA117M,-8.37605,-8.37605,0.0
GA117Y,-8.37605,-8.37605,0.0
GA117S,-8.37605,-8.37605,0.0
PA278D,-8.378160000000001,-8.89071,-0.5125499999999992
PA278A,-8.08363,-8.03933,0.044299999999999784
PA278F,-8.09018,-8.110710000000001,-0.020530000000000825
PA278L,-8.08363,-8.089319999999999,-0.005689999999999529
PA278N,-8.378160000000001,-8.40564,-0.02747999999999884
PA278Y,-8.09018,-7.8033,0.28688
PA278I,-8.3852,-8.35718,0.028019999999999712
PA278G,-8.08363,-8.044889999999999,0.03874000000000066
PA278K,-8.08363,-8.07433,0.009299999999999642
PA278C,-8.37832,-8.36107,0.017250000000000654
PA278Q,-8.10602,-8.03503,0.07098999999999833
PA278E,-8.08318,-8.67327,-0.59009
PA278T,-8.37851,-8.34962,0.028890000000000526
PA278V,-8.37851,-8.35821,0.02030000000000065
PA278H,-8.08349,-8.04748,0.03600999999999921
PA278W,-8.08349,-7.85285,0.2306399999999993
PA278R,-9.25244,-8.20877,1.0436700000000005
PA278M,-9.26168,-9.37923,-0.1175499999999996
PA278S,-8.08363,-8.03973,0.04389999999999894
KA132M,-8.37605,-8.4948,-0.11875000000000036
KA132E,-9.248339999999999,-9.46082,-0.2124800000000011
KA132Q,-8.37605,-8.44288,-0.06683000000000128
KA132Y,-9.248339999999999,-9.33018,-0.08184000000000147
KA132A,-9.248339999999999,-9.28686,-0.038520000000001886
KA132G,-9.248339999999999,-9.286589999999999,-0.03824999999999967
KA132H,-8.37605,-8.49357,-0.11752000000000073
KA132V,-9.248339999999999,-9.310089999999999,-0.06174999999999997
KA132I,-9.248339999999999,-9.305860000000001,-0.057520000000002014
KA132F,-9.248339999999999,-9.27996,-0.03162000000000198
KA132T,-9.248339999999999,-9.29141,-0.04307000000000194
KA132L,-8.37605,-8.446110000000001,-0.07006000000000157
KA132N,-9.248339999999999,-9.28792,-0.03958000000000084
KA132W,-9.248339999999999,-9.380510000000001,-0.13217000000000212
KA132S,-9.248339999999999,-9.2829,-0.03456000000000081
KA132R,-9.248339999999999,-9.205680000000001,0.04265999999999792
KA132C,-9.248339999999999,-9.20582,0.04251999999999967
KA132D,-8.37571,-8.50553,-0.1298200000000005
KA132P,-9.248339999999999,-9.2829,-0.03456000000000081
CA277F,-8.37605,-6.88668,1.4893699999999992
CA277M,-8.37605,-8.17032,0.20572999999999908
CA277H,-8.37605,-7.24918,1.1268699999999994
CA277K,-8.37605,-8.417489999999999,-0.0414399999999997
CA277E,-8.37571,-8.60106,-0.2253500000000006
CA277P,-8.37605,-7.5608699999999995,0.8151799999999998
CA277D,-8.37571,-9.866710000000001,-1.4910000000000014
CA277N,-8.37605,-8.26924,0.1068099999999994
CA277I,-8.37605,-8.17199,0.20406000000000013
CA277Y,-8.37773,-4.97736,3.4003699999999997
CA277L,-8.37605,-7.86953,0.5065199999999992
CA277V,-8.37605,-8.08048,0.29556999999999967
CA277G,-8.37605,-7.2796,1.096449999999999
CA277Q,-8.37605,-7.27473,1.1013199999999994
CA277S,-8.37605,-7.41065,0.9653999999999989
CA277R,-8.37605,-6.60906,1.766989999999999
CA277W,-8.3566,-6.696680000000001,1.6599199999999996
CA277T,-8.37605,-7.1679,1.208149999999999
CA277A,-8.37605,-7.419289999999999,0.95676
AA119E,-8.37605,-8.36808,0.007969999999998478
AA119D,-8.37605,-8.40365,-0.0276000000000014
AA119Y,-8.37605,-8.37605,0.0
AA119P,-8.37605,-8.37605,0.0
AA119R,-8.37605,-8.36492,0.01112999999999964
AA119V,-8.37605,-8.37605,0.0
AA119I,-8.37605,-8.37605,0.0
AA119T,-8.37605,-8.37605,0.0
AA119F,-8.37605,-8.37605,0.0
AA119C,-8.37605,-8.37605,0.0
AA119Q,-8.37605,-8.37605,0.0
AA119L,-8.37605,-8.37605,0.0
AA119M,-8.37605,-8.37605,0.0
AA119H,-8.37605,-8.37605,0.0
AA119W,-8.37605,-8.37605,0.0
AA119S,-8.37605,-8.37605,0.0
AA119N,-8.37605,-8.37605,0.0
AA119K,-8.37605,-8.37186,0.004189999999999472
AA119G,-8.37605,-8.38299,-0.006940000000000168
NA247T,-8.37605,-8.42248,-0.04643000000000086
NA247W,-8.37605,-8.115110000000001,0.26093999999999795
NA247F,-8.37605,-8.1764,0.1996500000000001
NA247D,-8.37605,-8.445730000000001,-0.06968000000000174
NA247C,-8.37605,-8.413260000000001,-0.03721000000000174
NA247R,-8.37605,-8.35873,0.01731999999999978
NA247Q,-8.37605,-8.413260000000001,-0.03721000000000174
NA247Y,-8.37605,-7.87275,0.5032999999999994
NA247I,-8.37605,-8.422369999999999,-0.046319999999999695
NA247A,-8.37605,-8.413260000000001,-0.03721000000000174
NA247G,-8.37605,-8.409289999999999,-0.03323999999999927
NA247K,-8.37605,-8.40602,-0.029970000000000496
NA247S,-8.37605,-8.413260000000001,-0.03721000000000174
NA247V,-8.37605,-8.422310000000001,-0.046260000000001966
NA247L,-8.37605,-8.35416,0.021889999999999077
NA247H,-8.37605,-8.16128,0.21476999999999968
NA247P,-8.37605,-8.413260000000001,-0.03721000000000174
NA247E,-8.37605,-8.42943,-0.05338000000000065
NA247M,-8.37605,-8.413260000000001,-0.03721000000000174
SA240V,-8.37605,-8.60909,-0.2330400000000008
SA240D,-9.248339999999999,-9.42883,-0.1804900000000007
SA240T,-8.37605,-8.39135,-0.01529999999999987
SA240E,-9.15985,-9.87599,-0.7161399999999993
SA240I,-9.15985,-9.46115,-0.30129999999999946
SA240Q,-9.24823,-9.18844,0.059789999999999566
SA240L,-9.248339999999999,-9.33036,-0.08202000000000176
SA240W,-9.24818,-2.35717,6.89101
SA240K,-8.376,-7.99413,0.38186999999999927
SA240P,-9.248339999999999,-9.08455,0.16378999999999877
SA240G,-9.248339999999999,-9.125210000000001,0.12312999999999796
SA240R,-9.24823,-8.80062,0.4476099999999992
SA240C,-9.248339999999999,-9.24589,0.002449999999999619
SA240H,-9.15997,-9.3417,-0.18172999999999995
SA240F,-9.15997,-9.36806,-0.20809000000000033
SA240A,-8.37605,-8.35417,0.021879999999999455
SA240N,-9.248339999999999,-9.267000000000001,-0.01866000000000234
SA240Y,-8.37605,-1.7463799999999998,6.629669999999999
SA240M,-9.248339999999999,-9.37757,-0.1292300000000015
RA283C,-8.37605,-8.42337,-0.04732000000000092
RA283G,-8.37605,-8.38963,-0.013580000000001036
RA283M,-8.37605,-8.51715,-0.14110000000000156
RA283D,-8.37605,-8.505989999999999,-0.1299399999999995
RA283I,-8.37605,-8.40287,-0.026820000000000732
RA283K,-8.37605,-8.37498,0.001069999999998572
RA283N,-8.37605,-8.38985,-0.013799999999999812
RA283H,-8.37605,-8.40813,-0.03208000000000055
RA283A,-8.37605,-8.38985,-0.013799999999999812
RA283S,-8.37605,-8.40577,-0.02972000000000108
RA283F,-8.37605,-8.38963,-0.013580000000001036
RA283Y,-8.37605,-8.4049,-0.028850000000000264
RA283P,-8.37605,-8.406419999999999,-0.030369999999999564
RA283T,-8.37605,-8.40673,-0.030680000000000263
RA283E,-8.37605,-8.52401,-0.1479600000000012
RA283W,-8.37605,-8.42464,-0.0485900000000008
RA283V,-8.37605,-8.38989,-0.013840000000000074
RA283L,-8.37605,-8.38985,-0.013799999999999812
RA283Q,-8.37605,-8.38985,-0.013799999999999812
HA179S,-8.37605,-8.36151,0.014539999999998443
HA179T,-8.37605,-8.36151,0.014539999999998443
HA179V,-8.39322,-8.378680000000001,0.014539999999998443
HA179Q,-8.37605,-8.37083,0.005219999999999558
HA179A,-8.37605,-8.36151,0.014539999999998443
HA179R,-8.37605,-8.36151,0.014539999999998443
HA179N,-8.37605,-8.36151,0.014539999999998443
HA179M,-8.37605,-8.36151,0.014539999999998443
HA179E,-8.37605,-8.36788,0.008169999999999789
HA179F,-8.3849,-8.38406,0.0008400000000001739
HA179Y,-8.3849,-8.37883,0.006069999999999354
HA179G,-8.37605,-8.36151,0.014539999999998443
HA179C,-8.37605,-8.36151,0.014539999999998443
HA179D,-8.37605,-8.37416,0.0018899999999995032
HA179W,-8.37605,-8.37125,0.004799999999999471
HA179K,-8.37605,-8.36151,0.014539999999998443
HA179I,-8.37605,-8.36151,0.014539999999998443
HA179P,-8.37605,-8.36151,0.014539999999998443
HA179L,-8.37605,-8.36151,0.014539999999998443
HA178E,-8.37605,-8.37693,-0.000880000000000436
HA178A,-8.37605,-8.37605,0.0
HA178F,-8.37605,-8.37605,0.0
HA178R,-8.37605,-8.37605,0.0
HA178Y,-8.37605,-8.37605,0.0
HA178L,-8.37605,-8.37605,0.0
HA178V,-8.37605,-8.37605,0.0
HA178C,-8.37605,-8.37605,0.0
HA178T,-8.37605,-8.37605,0.0
HA178N,-8.37605,-8.37605,0.0
HA178I,-8.37605,-8.37605,0.0
HA178Q,-8.37605,-8.37605,0.0
HA178K,-8.37605,-8.37605,0.0
HA178G,-8.37605,-8.37605,0.0
HA178W,-8.37605,-8.37605,0.0
HA178S,-8.37605,-8.37605,0.0
HA178D,-8.37605,-8.37605,0.0
HA178M,-8.37605,-8.37605,0.0
HA178P,-8.37605,-8.37605,0.0
SA241E,-8.37605,-7.643,0.7330499999999995
SA241L,-8.37605,-8.445969999999999,-0.06991999999999976
SA241G,-8.37605,-7.69256,0.683489999999999
SA241W,-8.37605,-9.11645,-0.7404000000000011
SA241Q,-8.37605,-7.74008,0.6359699999999995
SA241D,-8.37605,-7.635669999999999,0.74038
SA241P,-8.37605,-7.1845300000000005,1.1915199999999988
SA241R,-8.37605,-8.27742,0.09863
SA241M,-8.37605,-9.3484,-0.9723500000000005
SA241A,-8.37605,-8.19869,0.17736000000000018
SA241H,-8.37605,-8.12204,0.2540099999999992
SA241Y,-8.37605,-8.81986,-0.4438100000000009
SA241F,-8.37605,-8.82655,-0.4504999999999999
SA241K,-8.37605,-8.53935,-0.16330000000000133
SA241T,-8.37605,-9.13458,-0.7585300000000004
SA241I,-8.37605,-7.69504,0.6810099999999997
SA241C,-8.37605,-8.18034,0.19571000000000005
SA241N,-8.37605,-7.89508,0.48096999999999923
SA241V,-8.37605,-8.926739999999999,-0.5506899999999995
NA288A,-8.40413,-8.41964,-0.015509999999999025
NA288V,-8.40403,-8.413160000000001,-0.009130000000000749
NA288P,-8.40413,-8.62882,-0.22468999999999895
NA288Y,-8.40413,-8.08976,0.31437000000000026
NA288R,-8.40413,-8.62202,-0.2178899999999988
NA288E,-8.40413,-8.6758,-0.2716700000000003
NA288W,-8.40413,-8.18447,0.21966000000000108
NA288T,-8.40403,-8.629560000000001,-0.2255300000000009
NA288C,-8.419130000000001,-8.42826,-0.009129999999998972
NA288H,-8.41923,-8.18197,0.23726000000000091
NA288S,-8.40413,-8.69888,-0.2947500000000005
NA288I,-8.40413,-8.499,-0.09487000000000023
NA288L,-8.40413,-8.63274,-0.22860999999999976
NA288F,-8.40413,-8.258389999999999,0.14574000000000176
NA288G,-8.40413,-8.48536,-0.08122999999999969
NA288M,-8.40413,-8.442730000000001,-0.038600000000000634
NA288K,-8.40413,-8.56025,-0.1561199999999996
NA288D,-8.419130000000001,-8.499189999999999,-0.0800599999999978
NA288Q,-8.40413,-8.625919999999999,-0.2217899999999986
CA135Q,-8.37589,-8.38388,-0.007989999999999498
CA135E,-8.37605,-8.44935,-0.07330000000000148
CA135M,-8.37605,-8.37605,0.0
CA135H,-8.37605,-8.38437,-0.008320000000001215
CA135G,-8.37605,-8.38209,-0.006040000000000489
CA135R,-8.37605,-8.36302,0.013029999999998765
CA135Y,-8.37589,-8.35684,0.01905000000000001
CA135W,-8.37605,-8.37824,-0.0021900000000005804
CA135A,-8.37605,-8.37605,0.0
CA135T,-8.37605,-8.37605,0.0
CA135N,-8.37605,-8.37605,0.0
CA135P,-8.37605,-8.40033,-0.024280000000000967
CA135V,-8.37605,-8.37605,0.0
CA135S,-8.37605,-8.37605,0.0
CA135D,-8.37605,-8.45086,-0.07481000000000115
CA135L,-8.37605,-8.3898,-0.013749999999999929
CA135K,-8.37605,-8.35092,0.025129999999998986
CA135I,-8.37605,-8.37605,0.0
CA135F,-8.37589,-8.35685,0.01904000000000039
RA280Y,-9.15997,-5.1767199999999995,3.98325
RA280N,-9.15997,-5.52378,3.636189999999999
RA280W,-9.15997,-5.82926,3.33071
RA280L,-9.15997,-5.8491599999999995,3.31081
RA280C,-9.34137,-5.6029800000000005,3.738389999999999
RA280H,-9.15997,-5.73586,3.4241099999999998
RA280T,-9.34137,-5.87812,3.4632499999999995
RA280E,-9.15997,-5.68736,3.4726099999999995
RA280V,-9.34137,-5.9926900000000005,3.348679999999999
RA280D,-9.15997,-5.64069,3.5192799999999993
RA280P,-9.34137,-5.90195,3.4394199999999993
RA280Q,-9.15997,-5.43026,3.72971
RA280I,-9.34137,-5.98435,3.3570199999999994
RA280S,-9.15997,-5.42309,3.7368799999999993
RA280G,-9.34137,-5.23463,4.106739999999999
RA280M,-9.15997,-6.0635900000000005,3.096379999999999
RA280A,-9.15997,-5.3894,3.7705699999999993
RA280F,-9.15997,-5.3007,3.8592699999999995
RA280K,-9.34137,-6.4194,2.921969999999999
LA137V,-8.3849,-8.34361,0.04129000000000005
LA137H,-8.37727,-8.32118,0.05608999999999931
LA137Q,-8.3849,-8.317160000000001,0.0677399999999988
LA137F,-8.37727,-8.318019999999999,0.05925000000000047
LA137A,-8.3849,-8.310989999999999,0.07391000000000147
LA137W,-8.37727,-8.10477,0.2724999999999991
LA137Y,-8.37727,-8.31776,0.05950999999999951
LA137G,-8.3849,-8.26181,0.12308999999999948
LA137R,-8.37727,-8.29997,0.07729999999999926
LA137K,-8.37727,-8.31691,0.0603599999999993
LA137D,-8.37727,-8.360510000000001,0.016759999999997888
LA137T,-8.37727,-6.9987,1.378569999999999
LA137I,-8.3849,-8.37018,0.01472000000000051
LA137E,-8.37727,-8.33195,0.04531999999999847
LA137S,-8.37727,-8.40589,-0.02862000000000009
LA137N,-8.37727,-8.20353,0.17373999999999867
LA137C,-8.3849,-8.339089999999999,0.04581000000000124
LA137M,-8.3849,-8.31681,0.06808999999999976
LA137P,-8.3849,-8.320789999999999,0.06411000000000122
TA125F,-8.385010000000001,-8.40824,-0.023229999999998086
TA125G,-8.37605,-8.37605,0.0
TA125C,-8.37605,-8.37605,0.0
TA125Q,-8.37605,-8.37605,0.0
TA125H,-8.37605,-8.38362,-0.007570000000001187
TA125P,-8.37605,-8.37605,0.0
TA125V,-8.37605,-8.37605,0.0
TA125D,-8.37798,-8.90548,-0.5274999999999999
TA125W,-8.37605,-8.37605,0.0
TA125L,-8.37832,-8.37832,0.0
TA125A,-8.37605,-8.37605,0.0
TA125E,-8.37571,-8.94646,-0.5707500000000003
TA125S,-8.37605,-8.37605,0.0
TA125M,-8.37605,-8.37605,0.0
TA125K,-8.37832,-8.33568,0.042640000000000455
TA125I,-8.37605,-8.37605,0.0
TA125R,-8.37605,-8.375169999999999,0.000880000000000436
TA125N,-8.38274,-8.38274,0.0
TA125Y,-8.37605,-8.37605,0.0
CA242F,-8.36244,-8.402439999999999,-0.03999999999999915
CA242G,-8.39348,-8.3058,0.08768000000000065
CA242P,-8.39353,-8.32002,0.07351000000000063
CA242A,-8.39348,-8.30952,0.08396000000000114
CA242E,-8.39353,-8.38878,0.004749999999999588
CA242R,-8.39598,-8.22777,0.1682100000000002
CA242W,-8.36272,-8.71307,-0.3503500000000006
CA242Q,-8.39322,-8.373460000000001,0.019759999999998
CA242N,-8.39348,-8.40599,-0.012509999999998911
CA242K,-8.39812,-7.945180000000001,0.4529399999999999
CA242V,-8.39353,-8.365689999999999,0.027840000000001197
CA242I,-8.39353,-8.430439999999999,-0.03690999999999889
CA242S,-8.39353,-8.3727,0.020830000000000126
CA242Y,-8.3626,-8.39763,-0.035029999999999006
CA242T,-8.39353,-8.3941,-0.0005699999999997374
CA242L,-8.39353,-8.38486,0.0086700000000004
CA242D,-8.39353,-8.45384,-0.06030999999999942
CA242H,-8.10639,-8.40733,-0.30094000000000065
CA242M,-8.39322,-8.463189999999999,-0.06996999999999964
RA249G,-8.37605,-8.39178,-0.015730000000001354
RA249D,-8.37605,-8.4236,-0.04755000000000109
RA249F,-8.37605,-8.401760000000001,-0.025710000000001898
RA249C,-8.37605,-8.401760000000001,-0.025710000000001898
RA249S,-8.37605,-8.39184,-0.01579000000000086
RA249V,-8.37605,-8.401760000000001,-0.025710000000001898
RA249Y,-8.37605,-8.401760000000001,-0.025710000000001898
RA249I,-8.37605,-8.401710000000001,-0.025660000000002015
RA249A,-8.37605,-8.3918,-0.015750000000000597
RA249T,-8.37605,-8.401760000000001,-0.025710000000001898
RA249Q,-8.37605,-8.38917,-0.013120000000000687
RA249K,-8.37605,-8.37611,-6.000000000128125e-05
RA249N,-8.37605,-8.39178,-0.015730000000001354
RA249E,-8.37605,-8.42548,-0.04943000000000097
RA249L,-8.37605,-8.401760000000001,-0.025710000000001898
RA249M,-8.37605,-8.401760000000001,-0.025710000000001898
RA249H,-8.37605,-8.401760000000001,-0.025710000000001898
RA249W,-8.37605,-8.401710000000001,-0.025660000000002015
RA249P,-8.37605,-8.382430000000001,-0.006380000000001829
GA244H,-8.37605,-8.38692,-0.010870000000000601
GA244V,-8.37605,-8.37605,0.0
GA244W,-8.37605,-8.37605,0.0
GA244C,-8.37605,-8.37605,0.0
GA244Y,-8.37605,-8.37605,0.0
GA244L,-8.37605,-8.37605,0.0
GA244N,-8.37605,-8.37605,0.0
GA244D,-8.37605,-8.37693,-0.000880000000000436
GA244M,-8.37605,-8.37605,0.0
GA244R,-8.37605,-8.37605,0.0
GA244I,-8.37605,-8.37605,0.0
GA244E,-8.37605,-8.37796,-0.0019100000000005224
GA244P,-8.37605,-8.35244,0.023609999999999687
GA244Q,-8.37605,-8.37605,0.0
GA244T,-8.37605,-8.37605,0.0
GA244K,-8.37605,-8.37605,0.0
GA244A,-8.37605,-8.37605,0.0
GA244S,-8.37605,-8.37605,0.0
GA244F,-8.37605,-8.37605,0.0
